,ACTIME,TIME,TARSTF,SGTF,dif,dif_s,TOR_P,TOR_N,DATE,ss2,time_interval
0,01/06/2020 04:21:26,4:21:26,170,135.6,34.4,0.19111111100000003,3500,-3500,2020/6/1,22047686,0
1,01/06/2020 04:22:33,4:22:33,170,141.4,28.6,0.158888889,3500,-3500,2020/6/1,22047753,67
2,01/06/2020 04:25:53,4:25:53,170,147.1,22.9,0.127222222,4500,-4000,2020/6/1,22047953,200
3,01/06/2020 04:27:10,4:27:10,170,141.4,28.6,0.158888889,5000,-4000,2020/6/1,22048030,77
4,01/06/2020 04:28:57,4:28:57,170,135.6,34.4,0.19111111100000003,6000,-4000,2020/6/1,22048137,107
5,01/06/2020 04:29:33,4:29:33,170,141.4,28.6,0.158888889,6000,-4000,2020/6/1,22048173,36
6,01/06/2020 04:34:51,4:34:51,170,135.6,34.4,0.19111111100000003,7000,-4000,2020/6/1,22048491,318
7,01/06/2020 04:37:56,4:37:56,170,141.4,28.6,0.158888889,7000,-4500,2020/6/1,22048676,185
8,01/06/2020 04:38:09,4:38:09,170,147.1,22.9,0.127222222,7000,-4500,2020/6/1,22048689,13
9,01/06/2020 04:38:23,4:38:23,170,169.9,0.1,0.000555556,4500,-4500,2020/6/1,22048703,14
10,01/06/2020 04:38:36,4:38:36,170,181.4,-11.4,-0.06333333299999999,4500,-4500,2020/6/1,22048716,13
11,01/06/2020 04:38:49,4:38:49,170,175.6,-5.6,-0.031111111,4500,-4500,2020/6/1,22048729,13
12,01/06/2020 04:39:03,4:39:03,170,232.8,-62.8,-0.348888889,4500,-4500,2020/6/1,22048743,14
13,01/06/2020 04:39:16,4:39:16,170,15.6,154.4,0.857777778,4500,-4500,2020/6/1,22048756,13
14,01/06/2020 04:39:30,4:39:30,170,44.2,125.8,0.698888889,4500,-4500,2020/6/1,22048770,14
15,01/06/2020 04:39:46,4:39:46,170,49.9,120.1,0.667222222,4500,-4500,2020/6/1,22048786,16
16,01/06/2020 04:51:45,4:51:45,170,244.2,-74.2,-0.412222222,3500,-3500,2020/6/1,22049505,719
17,01/06/2020 04:52:02,4:52:02,170,238.5,-68.5,-0.380555556,3500,-3500,2020/6/1,22049522,17
18,01/06/2020 04:54:39,4:54:39,170,232.8,-62.8,-0.348888889,3500,-3500,2020/6/1,22049679,157
19,01/06/2020 04:54:53,4:54:53,170,227.1,-57.1,-0.317222222,3500,-3500,2020/6/1,22049693,14
20,01/06/2020 04:55:46,4:55:46,170,221.4,-51.4,-0.285555556,3500,-4000,2020/6/1,22049746,53
21,01/06/2020 04:57:46,4:57:46,170,215.6,-45.6,-0.253333333,3500,-4000,2020/6/1,22049866,120
22,01/06/2020 04:58:22,4:58:22,170,209.9,-39.9,-0.22166666699999998,3500,-4000,2020/6/1,22049902,36
23,01/06/2020 04:58:54,4:58:54,170,204.2,-34.2,-0.19,3500,-4000,2020/6/1,22049934,32
24,01/06/2020 05:00:10,5:00:10,170,198.5,-28.5,-0.15833333300000002,3500,-4000,2020/6/1,22050010,76
25,01/06/2020 05:01:57,5:01:57,170,192.8,-22.8,-0.12666666699999998,3500,-4000,2020/6/1,22050117,107
26,01/06/2020 05:02:33,5:02:33,170,187.1,-17.1,-0.095,4000,-4000,2020/6/1,22050153,36
27,01/06/2020 05:03:05,5:03:05,170,181.4,-11.4,-0.06333333299999999,4000,-4000,2020/6/1,22050185,32
28,01/06/2020 05:03:40,5:03:40,170,175.6,-5.6,-0.031111111,4000,-4000,2020/6/1,22050220,35
29,01/06/2020 05:04:21,5:04:21,170,169.9,0.1,0.000555556,4000,-4000,2020/6/1,22050261,41
30,01/06/2020 05:06:09,5:06:09,170,164.2,5.8,0.032222222,4500,-4000,2020/6/1,22050369,108
31,01/06/2020 05:06:45,5:06:45,170,152.8,17.2,0.095555556,6500,-4000,2020/6/1,22050405,36
32,01/06/2020 05:07:16,5:07:16,170,147.1,22.9,0.127222222,6500,-4000,2020/6/1,22050436,31
33,01/06/2020 05:07:52,5:07:52,170,135.6,34.4,0.19111111100000003,6500,-4000,2020/6/1,22050472,36
34,01/06/2020 05:10:57,5:10:57,170,129.9,40.1,0.222777778,7000,-4000,2020/6/1,22050657,185
35,01/06/2020 05:11:51,5:11:51,170,124.2,45.8,0.254444444,7000,-4000,2020/6/1,22050711,54
36,01/06/2020 05:14:19,5:14:19,170,129.9,40.1,0.222777778,7000,-4000,2020/6/1,22050859,148
37,01/06/2020 05:14:55,5:14:55,170,141.4,28.6,0.158888889,7000,-4000,2020/6/1,22050895,36
38,01/06/2020 05:15:27,5:15:27,170,147.1,22.9,0.127222222,7000,-4000,2020/6/1,22050927,32
39,01/06/2020 05:16:03,5:16:03,170,152.8,17.2,0.095555556,6000,-4000,2020/6/1,22050963,36
40,01/06/2020 05:16:44,5:16:44,170,158.5,11.5,0.063888889,6000,-4000,2020/6/1,22051004,41
41,01/06/2020 05:18:32,5:18:32,170,164.2,5.8,0.032222222,4500,-4000,2020/6/1,22051112,108
42,01/06/2020 05:20:55,5:20:55,170,175.6,-5.6,-0.031111111,4500,-4000,2020/6/1,22051255,143
43,01/06/2020 05:22:42,5:22:42,170,169.9,0.1,0.000555556,4500,-4000,2020/6/1,22051362,107
44,01/06/2020 05:23:49,5:23:49,170,152.8,17.2,0.095555556,5000,-4000,2020/6/1,22051429,67
45,01/06/2020 05:24:25,5:24:25,170,147.1,22.9,0.127222222,5000,-4000,2020/6/1,22051465,36
46,01/06/2020 05:25:06,5:25:06,170,141.4,28.6,0.158888889,6000,-4000,2020/6/1,22051506,41
47,01/06/2020 05:27:28,5:27:28,170,135.6,34.4,0.19111111100000003,6000,-4000,2020/6/1,22051648,142
48,01/06/2020 05:30:49,5:30:49,170,124.2,45.8,0.254444444,7000,-4000,2020/6/1,22051849,201
49,01/06/2020 05:31:25,5:31:25,170,135.6,34.4,0.19111111100000003,7000,-4000,2020/6/1,22051885,36
50,01/06/2020 05:31:57,5:31:57,170,141.4,28.6,0.158888889,7000,-4000,2020/6/1,22051917,32
51,01/06/2020 05:33:14,5:33:14,170,147.1,22.9,0.127222222,7000,-4000,2020/6/1,22051994,77
52,01/06/2020 05:35:01,5:35:01,170,152.8,17.2,0.095555556,7000,-4000,2020/6/1,22052101,107
53,01/06/2020 05:35:37,5:35:37,170,169.9,0.1,0.000555556,6500,-4000,2020/6/1,22052137,36
54,01/06/2020 05:36:09,5:36:09,170,181.4,-11.4,-0.06333333299999999,6500,-4000,2020/6/1,22052169,32
55,01/06/2020 05:37:25,5:37:25,170,187.1,-17.1,-0.095,6000,-5000,2020/6/1,22052245,76
56,01/06/2020 05:39:13,5:39:13,170,198.5,-28.5,-0.15833333300000002,5500,-5000,2020/6/1,22052353,108
57,01/06/2020 05:39:50,5:39:50,170,204.2,-34.2,-0.19,5500,-5000,2020/6/1,22052390,37
58,01/06/2020 05:40:21,5:40:21,170,198.5,-28.5,-0.15833333300000002,5500,-5000,2020/6/1,22052421,31
59,01/06/2020 05:40:57,5:40:57,170,192.8,-22.8,-0.12666666699999998,5500,-5000,2020/6/1,22052457,36
60,01/06/2020 05:41:37,5:41:37,170,187.1,-17.1,-0.095,5500,-5000,2020/6/1,22052497,40
61,01/06/2020 05:44:00,5:44:00,170,181.4,-11.4,-0.06333333299999999,5500,-5000,2020/6/1,22052640,143
62,01/06/2020 05:44:14,5:44:14,170,158.5,11.5,0.063888889,5500,-5000,2020/6/1,22052654,14
63,01/06/2020 05:44:27,5:44:27,170,141.4,28.6,0.158888889,7000,-5000,2020/6/1,22052667,13
64,01/06/2020 05:45:07,5:45:07,170,135.6,34.4,0.19111111100000003,7000,-5000,2020/6/1,22052707,40
65,01/06/2020 05:47:24,5:47:24,170,129.9,40.1,0.222777778,7000,-5000,2020/6/1,22052844,137
66,01/06/2020 05:49:47,5:49:47,170,124.2,45.8,0.254444444,7000,-4500,2020/6/1,22052987,143
67,01/06/2020 05:51:34,5:51:34,170,129.9,40.1,0.222777778,7000,-4500,2020/6/1,22053094,107
68,01/06/2020 05:52:10,5:52:10,170,135.6,34.4,0.19111111100000003,7000,-4500,2020/6/1,22053130,36
69,01/06/2020 05:53:18,5:53:18,170,141.4,28.6,0.158888889,7000,-4500,2020/6/1,22053198,68
70,01/06/2020 05:55:46,5:55:46,170,147.1,22.9,0.127222222,7000,-4500,2020/6/1,22053346,148
71,01/06/2020 05:56:22,5:56:22,170,158.5,11.5,0.063888889,7000,-4500,2020/6/1,22053382,36
72,01/06/2020 05:56:54,5:56:54,170,164.2,5.8,0.032222222,7000,-4500,2020/6/1,22053414,32
73,01/06/2020 05:57:30,5:57:30,170,169.9,0.1,0.000555556,7000,-4500,2020/6/1,22053450,36
74,01/06/2020 06:00:34,6:00:34,170,175.6,-5.6,-0.031111111,5500,-4500,2020/6/1,22053634,184
75,01/06/2020 06:00:47,6:00:47,170,187.1,-17.1,-0.095,5500,-4500,2020/6/1,22053647,13
76,01/06/2020 06:00:59,6:00:59,170,192.8,-22.8,-0.12666666699999998,5500,-4500,2020/6/1,22053659,12
77,01/06/2020 06:02:09,6:02:09,170,198.5,-28.5,-0.15833333300000002,5000,-4500,2020/6/1,22053729,70
78,01/06/2020 06:03:55,6:03:55,170,204.2,-34.2,-0.19,5000,-4500,2020/6/1,22053835,106
79,01/06/2020 06:04:31,6:04:31,170,198.5,-28.5,-0.15833333300000002,5000,-4500,2020/6/1,22053871,36
80,01/06/2020 06:08:06,6:08:06,170,192.8,-22.8,-0.12666666699999998,5000,-4500,2020/6/1,22054086,215
81,01/06/2020 06:08:42,6:08:42,170,175.6,-5.6,-0.031111111,5500,-4500,2020/6/1,22054122,36
82,01/06/2020 06:09:12,6:09:12,170,169.9,0.1,0.000555556,5500,-4500,2020/6/1,22054152,30
83,01/06/2020 06:09:49,6:09:49,170,164.2,5.8,0.032222222,5500,-4500,2020/6/1,22054189,37
84,01/06/2020 06:10:29,6:10:29,170,158.5,11.5,0.063888889,7000,-4500,2020/6/1,22054229,40
85,01/06/2020 06:12:05,6:12:05,170,152.8,17.2,0.095555556,5000,-4500,2020/6/1,22054325,96
86,01/06/2020 06:29:11,6:29:11,170,198.5,-28.5,-0.15833333300000002,4500,-4500,2020/6/1,22055351,1026
87,01/06/2020 06:30:58,6:30:58,170,204.2,-34.2,-0.19,4500,-4500,2020/6/1,22055458,107
88,01/06/2020 06:31:34,6:31:34,170,187.1,-17.1,-0.095,4500,-4500,2020/6/1,22055494,36
89,01/06/2020 06:32:05,6:32:05,170,181.4,-11.4,-0.06333333299999999,6000,-4000,2020/6/1,22055525,31
90,01/06/2020 06:32:41,6:32:41,170,175.6,-5.6,-0.031111111,6000,-4000,2020/6/1,22055561,36
91,01/06/2020 06:33:22,6:33:22,170,169.9,0.1,0.000555556,6000,-4000,2020/6/1,22055602,41
92,01/06/2020 06:35:10,6:35:10,170,164.2,5.8,0.032222222,6000,-4000,2020/6/1,22055710,108
93,01/06/2020 06:36:53,6:36:53,170,152.8,17.2,0.095555556,6000,-4000,2020/6/1,22055813,103
94,01/06/2020 06:40:10,6:40:10,170,158.5,11.5,0.063888889,6000,-4000,2020/6/1,22056010,197
95,01/06/2020 06:40:24,6:40:24,170,164.2,5.8,0.032222222,6000,-4000,2020/6/1,22056024,14
96,01/06/2020 06:43:17,6:43:17,170,169.9,0.1,0.000555556,6000,-4000,2020/6/1,22056197,173
97,01/06/2020 06:43:53,6:43:53,170,181.4,-11.4,-0.06333333299999999,5000,-4000,2020/6/1,22056233,36
98,01/06/2020 06:45:41,6:45:41,170,187.1,-17.1,-0.095,5000,-4000,2020/6/1,22056341,108
99,01/06/2020 06:47:28,6:47:28,170,192.8,-22.8,-0.12666666699999998,5000,-4000,2020/6/1,22056448,107
100,01/06/2020 06:48:35,6:48:35,170,187.1,-17.1,-0.095,5000,-4000,2020/6/1,22056515,67
101,01/06/2020 06:49:11,6:49:11,170,181.4,-11.4,-0.06333333299999999,5000,-4000,2020/6/1,22056551,36
102,01/06/2020 06:49:51,6:49:51,170,175.6,-5.6,-0.031111111,5000,-4000,2020/6/1,22056591,40
103,01/06/2020 06:51:39,6:51:39,170,169.9,0.1,0.000555556,5000,-4000,2020/6/1,22056699,108
104,01/06/2020 06:52:14,6:52:14,170,164.2,5.8,0.032222222,5000,-4000,2020/6/1,22056734,35
105,01/06/2020 06:54:03,6:54:03,170,158.5,11.5,0.063888889,6500,-4000,2020/6/1,22056843,109
106,01/06/2020 06:56:26,6:56:26,170,152.8,17.2,0.095555556,7500,-4000,2020/6/1,22056986,143
107,01/06/2020 06:56:40,6:56:40,170,141.4,28.6,0.158888889,7500,-4000,2020/6/1,22057000,14
108,01/06/2020 06:57:20,6:57:20,170,147.1,22.9,0.127222222,7500,-4000,2020/6/1,22057040,40
109,01/06/2020 06:57:34,6:57:34,170,141.4,28.6,0.158888889,7500,-4000,2020/6/1,22057054,14
110,01/06/2020 06:59:47,6:59:47,170,147.1,22.9,0.127222222,7500,-4000,2020/6/1,22057187,133
111,01/06/2020 07:00:24,7:00:24,170,158.5,11.5,0.063888889,7500,-4000,2020/6/1,22057224,37
112,01/06/2020 07:01:31,7:01:31,170,164.2,5.8,0.032222222,7500,-4000,2020/6/1,22057291,67
113,01/06/2020 07:02:11,7:02:11,170,169.9,0.1,0.000555556,7500,-4000,2020/6/1,22057331,40
114,01/06/2020 07:03:59,7:03:59,170,175.6,-5.6,-0.031111111,7500,-4000,2020/6/1,22057439,108
115,01/06/2020 07:04:36,7:04:36,170,187.1,-17.1,-0.095,5500,-4000,2020/6/1,22057476,37
116,01/06/2020 07:05:42,7:05:42,170,192.8,-22.8,-0.12666666699999998,5500,-4000,2020/6/1,22057542,66
117,01/06/2020 07:06:23,7:06:23,170,198.5,-28.5,-0.15833333300000002,4500,-4000,2020/6/1,22057583,41
118,01/06/2020 07:09:53,7:09:53,170,204.2,-34.2,-0.19,4500,-4000,2020/6/1,22057793,210
119,01/06/2020 07:10:34,7:10:34,170,198.5,-28.5,-0.15833333300000002,4500,-4000,2020/6/1,22057834,41
120,01/06/2020 07:12:57,7:12:57,170,192.8,-22.8,-0.12666666699999998,4500,-4000,2020/6/1,22057977,143
121,01/06/2020 07:13:11,7:13:11,170,187.1,-17.1,-0.095,4500,-4000,2020/6/1,22057991,14
