,ACTIME,TIME,TARSTF,SGTF,dif,dif_s,TOR_P,TOR_N,DATE,ss2,time_interval
0,20/9/2019 13:42:07,13:42:07,90,182.3,-92.3,-0.512777778,4000,-3500,2019/9/20,49327,0
1,20/9/2019 13:42:23,13:42:23,90,176.6,-86.6,-0.48111111100000004,4000,-3500,2019/9/20,49343,16
2,20/9/2019 13:43:01,13:43:01,90,238.5,-148.5,-0.825,4000,-3500,2019/9/20,49381,38
3,20/9/2019 13:43:15,13:43:15,90,227.3,-137.3,-0.762777778,4000,-3500,2019/9/20,49395,14
4,20/9/2019 13:43:56,13:43:56,90,249.8,-159.8,-0.887777778,4000,-4500,2019/9/20,49436,41
5,20/9/2019 13:44:35,13:44:35,90,294.8,155.2,0.862222222,4000,-4500,2019/9/20,49475,39
6,20/9/2019 13:45:21,13:45:21,90,328.5,121.5,0.675,4000,-4500,2019/9/20,49521,46
7,20/9/2019 13:46:09,13:46:09,90,266.6,-176.6,-0.9811111109999999,4000,-4500,2019/9/20,49569,48
8,20/9/2019 13:46:48,13:46:48,90,289.1,160.9,0.8938888890000001,5000,-3500,2019/9/20,49608,39
9,20/9/2019 13:47:02,13:47:02,90,300.4,149.6,0.8311111109999999,5000,-3500,2019/9/20,49622,14
10,20/9/2019 13:47:22,13:47:22,90,306.0,144.0,0.8,5000,-3500,2019/9/20,49642,20
11,20/9/2019 13:47:38,13:47:38,90,277.9,172.1,0.9561111109999999,5000,-3500,2019/9/20,49658,16
12,20/9/2019 13:48:13,13:48:13,90,300.4,149.6,0.8311111109999999,5000,-3500,2019/9/20,49693,35
13,20/9/2019 13:48:32,13:48:32,90,36.0,54.0,0.3,4000,-3500,2019/9/20,49712,19
14,20/9/2019 13:49:12,13:49:12,90,13.5,76.5,0.425,4500,-3500,2019/9/20,49752,40
15,20/9/2019 13:49:48,13:49:48,90,126.0,-36.0,-0.2,4000,-3500,2019/9/20,49788,36
16,20/9/2019 13:50:35,13:50:35,90,103.5,-13.5,-0.075,4000,-3500,2019/9/20,49835,47
17,20/9/2019 13:51:24,13:51:24,90,109.1,-19.1,-0.106111111,3800,-3500,2019/9/20,49884,49
18,20/9/2019 13:52:02,13:52:02,90,137.3,-47.3,-0.262777778,3800,-3500,2019/9/20,49922,38
19,20/9/2019 13:52:19,13:52:19,90,86.6,3.4,0.018888889,3800,-3500,2019/9/20,49939,17
20,20/9/2019 13:52:35,13:52:35,90,97.9,-7.9,-0.043888889,3800,-3500,2019/9/20,49955,16
21,20/9/2019 13:52:53,13:52:53,90,75.4,14.6,0.081111111,3800,-3500,2019/9/20,49973,18
22,20/9/2019 13:53:28,13:53:28,90,52.9,37.1,0.206111111,4000,-3500,2019/9/20,50008,35
23,20/9/2019 13:53:48,13:53:48,90,64.1,25.9,0.143888889,4000,-3500,2019/9/20,50028,20
24,20/9/2019 13:54:26,13:54:26,90,36.0,54.0,0.3,4100,-3500,2019/9/20,50066,38
25,20/9/2019 13:55:02,13:55:02,90,69.8,20.2,0.112222222,4100,-3500,2019/9/20,50102,36
26,20/9/2019 13:55:50,13:55:50,90,36.0,54.0,0.3,4200,-3400,2019/9/20,50150,48
27,20/9/2019 13:56:34,13:56:34,90,7.9,82.1,0.456111111,4200,-3400,2019/9/20,50194,44
28,20/9/2019 13:57:17,13:57:17,90,36.0,54.0,0.3,4200,-3400,2019/9/20,50237,43
29,20/9/2019 13:57:32,13:57:32,90,47.3,42.7,0.23722222199999998,4200,-3400,2019/9/20,50252,15
30,20/9/2019 13:57:50,13:57:50,90,64.1,25.9,0.143888889,4200,-3400,2019/9/20,50270,18
31,20/9/2019 13:58:06,13:58:06,90,41.6,48.4,0.26888888899999996,4200,-3400,2019/9/20,50286,16
32,20/9/2019 13:58:41,13:58:41,90,36.0,54.0,0.3,4500,-3400,2019/9/20,50321,35
33,20/9/2019 13:59:02,13:59:02,90,86.6,3.4,0.018888889,4400,-3400,2019/9/20,50342,21
34,20/9/2019 13:59:41,13:59:41,90,2.3,87.7,0.48722222200000004,4400,-3400,2019/9/20,50381,39
35,20/9/2019 14:00:18,14:00:18,90,92.3,-2.3,-0.012777778,4400,-3400,2019/9/20,50418,37
36,20/9/2019 14:01:05,14:01:05,90,24.8,65.2,0.36222222200000004,4200,-3400,2019/9/20,50465,47
37,20/9/2019 14:01:53,14:01:53,90,19.1,70.9,0.39388888899999996,4500,-3400,2019/9/20,50513,48
38,20/9/2019 14:02:29,14:02:29,90,58.5,31.5,0.175,4500,-3400,2019/9/20,50549,36
39,20/9/2019 14:02:47,14:02:47,90,52.9,37.1,0.206111111,4500,-3400,2019/9/20,50567,18
40,20/9/2019 14:03:04,14:03:04,90,86.6,3.4,0.018888889,4500,-3400,2019/9/20,50584,17
41,20/9/2019 14:03:22,14:03:22,90,75.4,14.6,0.081111111,4500,-3400,2019/9/20,50602,18
42,20/9/2019 14:04:00,14:04:00,90,52.9,37.1,0.206111111,4600,-3400,2019/9/20,50640,38
43,20/9/2019 14:04:16,14:04:16,90,120.4,-30.4,-0.168888889,4600,-3400,2019/9/20,50656,16
44,20/9/2019 14:04:54,14:04:54,90,86.6,3.4,0.018888889,4600,-3400,2019/9/20,50694,38
45,20/9/2019 14:05:33,14:05:33,90,142.9,-52.9,-0.293888889,4400,-3400,2019/9/20,50733,39
46,20/9/2019 14:06:16,14:06:16,90,103.5,-13.5,-0.075,4400,-3400,2019/9/20,50776,43
47,20/9/2019 14:07:06,14:07:06,90,131.6,-41.6,-0.231111111,4400,-3400,2019/9/20,50826,50
48,20/9/2019 14:07:45,14:07:45,90,154.1,-64.1,-0.35611111100000004,4200,-3500,2019/9/20,50865,39
49,20/9/2019 14:08:02,14:08:02,90,109.1,-19.1,-0.106111111,4200,-3500,2019/9/20,50882,17
50,20/9/2019 14:08:19,14:08:19,90,154.1,-64.1,-0.35611111100000004,4200,-3500,2019/9/20,50899,17
51,20/9/2019 14:08:35,14:08:35,90,165.4,-75.4,-0.418888889,4000,-3500,2019/9/20,50915,16
52,20/9/2019 14:09:14,14:09:14,90,126.0,-36.0,-0.2,3800,-3610,2019/9/20,50954,39
53,20/9/2019 14:09:28,14:09:28,90,154.1,-64.1,-0.35611111100000004,3800,-3610,2019/9/20,50968,14
54,20/9/2019 14:10:10,14:10:10,90,114.8,-24.8,-0.13777777800000002,3700,-3610,2019/9/20,51010,42
55,20/9/2019 14:10:48,14:10:48,90,120.4,-30.4,-0.168888889,3700,-3610,2019/9/20,51048,38
56,20/9/2019 14:12:21,14:12:21,90,86.6,3.4,0.018888889,3700,-3610,2019/9/20,51141,93
57,20/9/2019 14:12:59,14:12:59,90,81.0,9.0,0.05,3750,-3610,2019/9/20,51179,38
58,20/9/2019 14:13:17,14:13:17,90,47.3,42.7,0.23722222199999998,3800,-3610,2019/9/20,51197,18
59,20/9/2019 14:13:33,14:13:33,90,58.5,31.5,0.175,3800,-3550,2019/9/20,51213,16
60,20/9/2019 14:13:50,14:13:50,90,64.1,25.9,0.143888889,3800,-3550,2019/9/20,51230,17
61,20/9/2019 14:14:27,14:14:27,90,13.5,76.5,0.425,3800,-3550,2019/9/20,51267,37
62,20/9/2019 14:14:42,14:14:42,90,41.6,48.4,0.26888888899999996,3800,-3550,2019/9/20,51282,15
63,20/9/2019 14:16:02,14:16:02,90,36.0,54.0,0.3,3900,-3500,2019/9/20,51362,80
64,20/9/2019 14:16:48,14:16:48,90,13.5,76.5,0.425,4000,-3500,2019/9/20,51408,46
65,20/9/2019 14:17:35,14:17:35,90,47.3,42.7,0.23722222199999998,4000,-3500,2019/9/20,51455,47
66,20/9/2019 14:18:15,14:18:15,90,69.8,20.2,0.112222222,4000,-3500,2019/9/20,51495,40
67,20/9/2019 14:18:31,14:18:31,90,19.1,70.9,0.39388888899999996,4000,-3500,2019/9/20,51511,16
68,20/9/2019 14:18:47,14:18:47,90,75.4,14.6,0.081111111,4000,-3500,2019/9/20,51527,16
69,20/9/2019 14:19:05,14:19:05,90,109.1,-19.1,-0.106111111,4000,-3500,2019/9/20,51545,18
70,20/9/2019 14:19:42,14:19:42,90,30.4,59.6,0.331111111,4000,-3500,2019/9/20,51582,37
71,20/9/2019 14:19:56,14:19:56,90,75.4,14.6,0.081111111,4000,-3500,2019/9/20,51596,14
