,ACTIME,TIME,TARSTF,SGTF,dif,dif_s,TOR_P,TOR_N,DATE,ss2,time_interval
0,7/8/2020 13:15:08.57,13:15:08,20,182.5,-162.5,-0.9027777779999999,8000,-3500,2020/8/7,27868508,0
1,7/8/2020 13:15:36.09,13:15:36,20,3.2,16.8,0.093333333,8000,-4000,2020/8/7,27868536,28
2,7/8/2020 13:16:03.2,13:16:03,20,111.9,-91.9,-0.510555556,8500,-4000,2020/8/7,27868563,27
3,7/8/2020 13:16:39.41,13:16:39,20,114.7,-94.7,-0.526111111,8500,-4000,2020/8/7,27868599,36
4,7/8/2020 13:17:33.2,13:17:33,20,155.6,-135.6,-0.7533333329999999,9000,-4000,2020/8/7,27868653,54
5,7/8/2020 13:18:36.35,13:18:36,20,196.6,-176.6,-0.9811111109999999,9000,-4000,2020/8/7,27868716,63
6,7/8/2020 13:19:39.01,13:19:39,20,354.7,25.3,0.140555556,8000,-5000,2020/8/7,27868779,63
7,7/8/2020 13:20:51.12,13:20:51,20,255.9,124.1,0.689444444,8000,-5000,2020/8/7,27868851,72
8,7/8/2020 13:22:51.33,13:22:51,20,0.3,19.7,0.109444444,8000,-5000,2020/8/7,27868971,120
9,7/8/2020 13:23:18.19,13:23:18,20,350.5,29.5,0.163888889,8000,-5000,2020/8/7,27868998,27
10,7/8/2020 13:24:48.24,13:24:48,20,346.2,33.8,0.187777778,8000,-5000,2020/8/7,27869088,90
11,7/8/2020 13:25:51.44,13:25:51,20,343.4,36.6,0.203333333,8000,-5000,2020/8/7,27869151,63
12,7/8/2020 13:26:54.16,13:26:54,20,342.0,38.0,0.21111111100000002,8000,-5000,2020/8/7,27869214,63
13,7/8/2020 13:28:06.25,13:28:06,20,337.8,42.2,0.23444444399999997,9000,-4000,2020/8/7,27869286,72
14,7/8/2020 13:30:06.25,13:30:06,20,336.3,43.7,0.242777778,9000,-4000,2020/8/7,27869406,120
15,7/8/2020 13:30:33.44,13:30:33,20,342.0,38.0,0.21111111100000002,9000,-4000,2020/8/7,27869433,27
16,7/8/2020 13:32:04.29,13:32:04,20,343.4,36.6,0.203333333,9000,-4000,2020/8/7,27869524,91
17,7/8/2020 13:33:07.57,13:33:07,20,343.4,36.6,0.203333333,9000,-4000,2020/8/7,27869587,63
18,7/8/2020 13:34:10.06,13:34:10,20,344.8,35.2,0.19555555600000002,9000,-4000,2020/8/7,27869650,63
19,7/8/2020 13:35:22.1,13:35:22,20,347.6,32.4,0.18,9000,-4000,2020/8/7,27869722,72
20,7/8/2020 13:37:21.63,13:37:21,20,347.6,32.4,0.18,9000,-4000,2020/8/7,27869841,119
21,7/8/2020 13:37:48.99,13:37:48,20,346.2,33.8,0.187777778,9000,-4000,2020/8/7,27869868,27
22,7/8/2020 13:38:52.13,13:38:52,20,347.6,32.4,0.18,9000,-4000,2020/8/7,27869932,64
23,7/8/2020 13:40:22.41,13:40:22,20,349.1,30.9,0.171666667,9000,-4000,2020/8/7,27870022,90
24,7/8/2020 13:41:24.63,13:41:24,20,350.5,29.5,0.163888889,9000,-4000,2020/8/7,27870084,62
25,7/8/2020 13:42:36.25,13:42:36,20,350.5,29.5,0.163888889,9000,-4000,2020/8/7,27870156,72
26,7/8/2020 13:44:36.31,13:44:36,20,351.9,28.1,0.156111111,9000,-4000,2020/8/7,27870276,120
27,7/8/2020 13:45:05.82,13:45:05,20,353.3,26.7,0.148333333,9000,-4000,2020/8/7,27870305,29
28,7/8/2020 13:45:41.79,13:45:41,20,354.7,25.3,0.140555556,9000,-4000,2020/8/7,27870341,36
29,7/8/2020 13:47:37.49,13:47:37,20,357.5,22.5,0.125,9000,-4000,2020/8/7,27870457,116
30,7/8/2020 13:48:40.14,13:48:40,20,357.5,22.5,0.125,9000,-4000,2020/8/7,27870520,63
31,7/8/2020 13:49:52.37,13:49:52,20,1.8,18.2,0.10111111099999999,9000,-4000,2020/8/7,27870592,72
32,7/8/2020 13:51:52.3,13:51:52,20,0.3,19.7,0.109444444,9000,-4000,2020/8/7,27870712,120
33,7/8/2020 13:52:19.34,13:52:19,20,357.5,22.5,0.125,9000,-4000,2020/8/7,27870739,27
34,7/8/2020 13:52:55.67,13:52:55,20,358.9,21.1,0.11722222199999999,10000,-4000,2020/8/7,27870775,36
35,7/8/2020 13:53:22.71,13:53:22,20,357.5,22.5,0.125,10000,-4000,2020/8/7,27870802,27
36,7/8/2020 13:54:15.08,13:54:15,20,354.7,25.3,0.140555556,10000,-4000,2020/8/7,27870855,53
37,7/8/2020 13:55:54.29,13:55:54,20,354.7,25.3,0.140555556,10000,-4000,2020/8/7,27870954,99
38,7/8/2020 13:57:08.73,13:57:08,20,353.3,26.7,0.148333333,9000,-4000,2020/8/7,27871028,74
39,7/8/2020 13:57:35.9,13:57:35,20,350.5,29.5,0.163888889,9000,-4000,2020/8/7,27871055,27
40,7/8/2020 13:59:34.07,13:59:34,20,358.9,21.1,0.11722222199999999,9000,-4000,2020/8/7,27871174,119
41,7/8/2020 14:00:10.31,14:00:10,20,3.2,16.8,0.093333333,9000,-4000,2020/8/7,27871210,36
42,7/8/2020 14:00:37.37,14:00:37,20,1.8,18.2,0.10111111099999999,9000,-4000,2020/8/7,27871237,27
43,7/8/2020 14:02:07.14,14:02:07,20,358.9,21.1,0.11722222199999999,9000,-4000,2020/8/7,27871327,90
44,7/8/2020 14:03:10.17,14:03:10,20,3.2,16.8,0.093333333,9000,-4000,2020/8/7,27871390,63
45,7/8/2020 14:04:22.43,14:04:22,20,11.6,8.4,0.046666667,8800,-4000,2020/8/7,27871462,72
46,7/8/2020 14:04:50.05,14:04:50,20,17.3,2.7,0.015,8800,-4000,2020/8/7,27871490,28
47,7/8/2020 14:06:50.54,14:06:50,20,18.7,1.3,0.0072222219999999995,8800,-4000,2020/8/7,27871610,120
48,7/8/2020 14:07:26.57,14:07:26,20,17.3,2.7,0.015,8800,-4000,2020/8/7,27871646,36
49,7/8/2020 14:08:18.04,14:08:18,20,20.1,-0.1,-0.000555556,8600,-4000,2020/8/7,27871698,52
50,7/8/2020 14:09:23.65,14:09:23,20,21.5,-1.5,-0.008333333,8600,-4000,2020/8/7,27871763,65
51,7/8/2020 14:09:48.41,14:09:48,20,24.3,-4.3,-0.023888889,8600,-4000,2020/8/7,27871788,25
52,7/8/2020 14:10:54.08,14:10:54,20,24.3,-4.3,-0.023888889,8600,-4000,2020/8/7,27871854,66
53,7/8/2020 14:11:36.56,14:11:36,20,25.8,-5.8,-0.032222222,8600,-4000,2020/8/7,27871896,42
