dif,ToolFace,TargetToolFace,TorP,TorN,outtime,date,time,ss,time_interval
176.2,176.2,0,5500,-3000,4/12/2020 13:19:58,4/12/2020,13:19:58,47998,0
-172.5,187.5,0,5500,-3000,4/12/2020 13:35:05,4/12/2020,13:35:05,48905,907
170.6,170.6,0,6500,-3000,4/12/2020 13:40:02,4/12/2020,13:40:02,49202,297
-4.199999999999989,355.8,0,8500,-4000,6/1/2021 13:58:38,6/1/2021,13:58:38,50318,1116
-2.8000000000000114,357.2,0,8500,-4000,6/1/2021 14:00:54,6/1/2021,14:00:54,50454,136
-5.600000000000023,354.4,0,8500,-4000,6/1/2021 14:01:50,6/1/2021,14:01:50,50510,56
-4.199999999999989,355.8,0,8500,-4000,6/1/2021 14:02:39,6/1/2021,14:02:39,50559,49
-7.0,353.0,0,8500,-4000,6/1/2021 14:03:45,6/1/2021,14:03:45,50625,66
-7.0,353.0,0,9500,-4000,6/1/2021 14:05:18,6/1/2021,14:05:18,50718,93
-4.199999999999989,355.8,0,9500,-4000,6/1/2021 14:06:08,6/1/2021,14:06:08,50768,50
-1.3999999999999773,358.6,0,9500,-4000,6/1/2021 14:06:58,6/1/2021,14:06:58,50818,50
-4.199999999999989,355.8,0,9500,-4000,6/1/2021 14:09:22,6/1/2021,14:09:22,50962,144
-5.600000000000023,354.4,0,9500,-4000,6/1/2021 14:11:38,6/1/2021,14:11:38,51098,136
-2.8000000000000114,357.2,0,9500,-4000,6/1/2021 14:12:15,6/1/2021,14:12:15,51135,37
-2.8000000000000114,357.2,0,10500,-4000,6/1/2021 14:13:21,6/1/2021,14:13:21,51201,66
-4.199999999999989,355.8,0,10500,-4000,6/1/2021 14:13:52,6/1/2021,14:13:52,51232,31
-7.0,353.0,0,10500,-4000,6/1/2021 14:15:16,6/1/2021,14:15:16,51316,84
-4.199999999999989,355.8,0,11500,-4000,6/1/2021 14:16:30,6/1/2021,14:16:30,51390,74
0.0,0.0,0,11500,-4000,6/1/2021 14:17:41,6/1/2021,14:17:41,51461,71
4.2,4.2,0,11500,-4000,6/1/2021 14:19:10,6/1/2021,14:19:10,51550,89
8.4,8.4,0,11500,-4000,6/1/2021 14:19:53,6/1/2021,14:19:53,51593,43
12.7,12.7,0,9500,-4000,6/1/2021 14:20:33,6/1/2021,14:20:33,51633,40
33.7,33.7,0,9500,-4000,6/1/2021 14:22:28,6/1/2021,14:22:28,51748,115
45.0,45.0,0,8500,-4000,6/1/2021 14:23:22,6/1/2021,14:23:22,51802,54
50.6,50.6,0,8000,-4500,6/1/2021 14:24:08,6/1/2021,14:24:08,51848,46
53.4,53.4,0,8000,-4500,6/1/2021 14:24:38,6/1/2021,14:24:38,51878,30
52.0,52.0,0,8000,-4500,6/1/2021 14:25:16,6/1/2021,14:25:16,51916,38
49.2,49.2,0,8000,-4500,6/1/2021 14:27:45,6/1/2021,14:27:45,52065,149
43.0,43.0,0,7500,-5000,6/1/2021 14:29:33,6/1/2021,14:29:33,52173,108
32.3,32.3,0,7500,-5000,6/1/2021 14:33:09,6/1/2021,14:33:09,52389,216
15.5,15.5,0,7500,-5000,6/1/2021 14:35:32,6/1/2021,14:35:32,52532,143
15.5,15.5,0,7500,-5000,6/1/2021 14:35:43,6/1/2021,14:35:43,52543,11
2.8,2.8,0,8500,-5000,6/1/2021 14:37:33,6/1/2021,14:37:33,52653,110
-7.0,353.0,0,9500,-4500,6/1/2021 14:39:16,6/1/2021,14:39:16,52756,103
-111.22,248.78,0,9500,-4500,6/1/2021 14:40:30,6/1/2021,14:40:30,52830,74
-11.220000000000027,348.78,0,9500,-4500,6/1/2021 14:40:47,6/1/2021,14:40:47,52847,17
-15.220000000000027,344.78,0,10500,-4500,6/1/2021 14:41:32,6/1/2021,14:41:32,52892,45
-23.899999999999977,336.1,0,10300,-4700,6/1/2021 14:44:01,6/1/2021,14:44:01,53041,149
-23.899999999999977,336.1,0,10500,-4700,6/1/2021 14:45:44,6/1/2021,14:45:44,53144,103
-23.899999999999977,336.1,0,10700,-4700,6/1/2021 14:46:14,6/1/2021,14:46:14,53174,30
-23.899999999999977,336.1,0,10700,-4700,6/1/2021 14:47:37,6/1/2021,14:47:37,53257,83
-22.5,337.5,0,10900,-4700,6/1/2021 14:49:13,6/1/2021,14:49:13,53353,96
-14.100000000000023,345.9,0,11100,-4700,6/1/2021 14:50:01,6/1/2021,14:50:01,53401,48
-5.600000000000023,354.4,0,10900,-4900,6/1/2021 14:51:31,6/1/2021,14:51:31,53491,90
-7.0,353.0,0,10900,-4900,6/1/2021 14:52:18,6/1/2021,14:52:18,53538,47
-5.600000000000023,354.4,0,10900,-4900,6/1/2021 14:54:54,6/1/2021,14:54:54,53694,156
-7.0,353.0,0,10900,-4900,6/1/2021 15:00:26,6/1/2021,15:00:26,54026,332
-16.899999999999977,343.1,0,10900,-4900,6/1/2021 15:00:53,6/1/2021,15:00:53,54053,27
-12.699999999999989,347.3,0,10900,-4900,6/1/2021 15:01:25,6/1/2021,15:01:25,54085,32
-12.699999999999989,347.3,0,10900,-4900,6/1/2021 15:03:09,6/1/2021,15:03:09,54189,104
-12.699999999999989,347.3,0,10900,-4900,6/1/2021 15:04:12,6/1/2021,15:04:12,54252,63
-21.100000000000023,338.9,0,10900,-4900,6/1/2021 15:05:21,6/1/2021,15:05:21,54321,69
-19.69999999999999,340.3,0,11100,-4900,6/1/2021 15:06:21,6/1/2021,15:06:21,54381,60
-19.69999999999999,340.3,0,11300,-4900,6/1/2021 15:07:30,6/1/2021,15:07:30,54450,69
-21.100000000000023,338.9,0,11300,-4900,6/1/2021 15:08:22,6/1/2021,15:08:22,54502,52
-22.5,337.5,0,11500,-4900,6/1/2021 15:09:19,6/1/2021,15:09:19,54559,57
-22.5,337.5,0,11500,-4900,6/1/2021 15:11:25,6/1/2021,15:11:25,54685,126
-21.100000000000023,338.9,0,11700,-4900,6/1/2021 15:12:32,6/1/2021,15:12:32,54752,67
-18.30000000000001,341.7,0,11900,-4900,6/1/2021 15:13:03,6/1/2021,15:13:03,54783,31
-15.5,344.5,0,11900,-4900,6/1/2021 15:14:12,6/1/2021,15:14:12,54852,69
-4.199999999999989,355.8,0,11700,-5100,6/1/2021 15:16:01,6/1/2021,15:16:01,54961,109
-2.8000000000000114,357.2,0,11000,-5100,6/1/2021 15:17:01,6/1/2021,15:17:01,55021,60
-5.0,355.0,0,12000,-5100,6/1/2021 15:18:33,6/1/2021,15:18:33,55113,92
-2.8000000000000114,357.2,0,12000,-5100,6/1/2021 15:19:22,6/1/2021,15:19:22,55162,49
4.2,4.2,0,12000,-5100,6/1/2021 15:20:08,6/1/2021,15:20:08,55208,46
7.0,7.0,0,12000,-5100,6/1/2021 15:20:52,6/1/2021,15:20:52,55252,44
2.8,2.8,0,10500,-5100,6/1/2021 15:21:32,6/1/2021,15:21:32,55292,40
1.4,1.4,0,11500,-5100,6/1/2021 15:22:14,6/1/2021,15:22:14,55334,42
2.8,2.8,0,12500,-5100,6/1/2021 15:23:03,6/1/2021,15:23:03,55383,49
-1.3999999999999773,358.6,0,12500,-5100,6/1/2021 15:23:52,6/1/2021,15:23:52,55432,49
-5.600000000000023,354.4,0,13500,-5100,6/1/2021 15:24:42,6/1/2021,15:24:42,55482,50
-2.8000000000000114,357.2,0,13500,-5100,6/1/2021 15:26:48,6/1/2021,15:26:48,55608,126
32.2,32.2,0,13500,-5100,6/1/2021 15:28:25,6/1/2021,15:28:25,55705,97
53.4,53.4,0,13000,-5100,6/1/2021 15:29:14,6/1/2021,15:29:14,55754,49
80.2,80.2,0,10000,-5100,6/1/2021 15:30:28,6/1/2021,15:30:28,55828,74
113.9,113.9,0,9500,-5600,6/1/2021 15:30:50,6/1/2021,15:30:50,55850,22
156.1,156.1,0,8500,-6100,6/1/2021 15:31:35,6/1/2021,15:31:35,55895,45
-171.6,188.4,0,8500,-6100,6/1/2021 15:32:44,6/1/2021,15:32:44,55964,69
-108.80000000000001,251.2,0,8500,-6100,6/1/2021 15:33:15,6/1/2021,15:33:15,55995,31
-130.8,229.2,0,7500,-6600,6/1/2021 15:33:50,6/1/2021,15:33:50,56030,35
-128.0,232.0,0,7500,-6600,6/1/2021 15:34:32,6/1/2021,15:34:32,56072,42
-126.6,233.4,0,8500,-6600,6/1/2021 15:35:21,6/1/2021,15:35:21,56121,49
-133.6,226.4,0,8500,-6600,6/1/2021 15:37:45,6/1/2021,15:37:45,56265,144
