dif,ToolFace,TargetToolFace,TorP,TorN,outtime,date,time,ss,time_interval
-6.9,13.1,20,4500,-3500,29/6/2020 20:31:27.28,2020/6/29,20:31:27,24525087,0
-5.5,14.5,20,4500,-3500,29/6/2020 20:32:57.69,2020/6/29,20:32:57,24525177,90
-5.5,14.5,20,4500,-3500,29/6/2020 20:33:39.56,2020/6/29,20:33:39,24525219,42
-4.1,15.9,20,4500,-3500,29/6/2020 20:33:59.46,2020/6/29,20:33:59,24525239,20
4.399999999999999,24.4,20,4500,-3500,29/6/2020 20:34:27,2020/6/29,20:34:27,24525267,28
4.399999999999999,24.4,20,4500,-3500,29/6/2020 20:35:29.41,2020/6/29,20:35:29,24525329,62
62.3,82.3,20,4500,-3500,29/6/2020 20:36:14.27,2020/6/29,20:36:14,24525374,45
144.1,164.1,20,4500,-3500,29/6/2020 20:36:42.82,2020/6/29,20:36:42,24525402,28
114.5,134.5,20,4500,-3500,29/6/2020 20:38:41.81,2020/6/29,20:38:41,24525521,119
108.9,128.9,20,4500,-3500,29/6/2020 20:39:18.03,2020/6/29,20:39:18,24525558,37
82.0,102.0,20,4500,-3500,29/6/2020 20:40:12.15,2020/6/29,20:40:12,24525612,54
22.700000000000003,42.7,20,4500,-3500,29/6/2020 20:41:15.73,2020/6/29,20:41:15,24525675,63
-21.0,359.0,20,4500,-3500,29/6/2020 20:42:18.41,2020/6/29,20:42:18,24525738,63
-46.39999999999998,333.6,20,4500,-3500,29/6/2020 20:42:45.12,2020/6/29,20:42:45,24525765,27
-52.10000000000002,327.9,20,4500,-3500,29/6/2020 20:45:30.44,2020/6/29,20:45:30,24525930,165
-62.0,318.0,20,4500,-3500,29/6/2020 20:45:58.24,2020/6/29,20:45:58,24525958,28
-64.80000000000001,315.2,20,4500,-3500,29/6/2020 20:46:33.86,2020/6/29,20:46:33,24525993,35
-73.30000000000001,306.7,20,4500,-3500,29/6/2020 20:47:27.04,2020/6/29,20:47:27,24526047,54
-78.89999999999998,301.1,20,4500,-3500,29/6/2020 20:48:31.64,2020/6/29,20:48:31,24526111,64
-90.19999999999999,289.8,20,4500,-3500,29/6/2020 20:49:33.76,2020/6/29,20:49:33,24526173,62
-107.10000000000002,272.9,20,4500,-3500,29/6/2020 20:50:45.26,2020/6/29,20:50:45,24526245,72
-148.1,231.9,20,4500,-3500,29/6/2020 20:52:45.72,2020/6/29,20:52:45,24526365,120
-148.1,231.9,20,4500,-3500,29/6/2020 20:53:48.63,2020/6/29,20:53:48,24526428,63
-160.8,219.2,20,4500,-3500,29/6/2020 20:54:15.57,2020/6/29,20:54:15,24526455,27
172.4,192.4,20,4500,-3500,29/6/2020 20:55:45.49,2020/6/29,20:55:45,24526545,90
156.9,176.9,20,4500,-3500,29/6/2020 20:56:49.05,2020/6/29,20:56:49,24526609,64
138.5,158.5,20,4500,-3500,29/6/2020 20:58:00.21,2020/6/29,20:58:00,24526680,71
130.0,150.0,20,4500,-3500,29/6/2020 21:00:01.09,2020/6/29,21:00:01,24526801,121
108.9,128.9,20,4500,-3500,29/6/2020 21:00:27.18,2020/6/29,21:00:27,24526827,26
107.4,127.4,20,4500,-3500,29/6/2020 21:01:04.98,2020/6/29,21:01:04,24526864,37
103.2,123.2,20,4500,-3500,29/6/2020 21:01:58.39,2020/6/29,21:01:58,24526918,54
87.7,107.7,20,4500,-3500,29/6/2020 21:03:02.35,2020/6/29,21:03:02,24526982,64
60.900000000000006,80.9,20,4500,-3500,29/6/2020 21:04:04.23,2020/6/29,21:04:04,24527044,62
53.8,73.8,20,4500,-3500,29/6/2020 21:05:16.23,2020/6/29,21:05:16,24527116,72
35.4,55.4,20,4650,-3500,29/6/2020 21:07:16.9,2020/6/29,21:07:16,24527236,120
21.299999999999997,41.3,20,4900,-3500,29/6/2020 21:07:42.31,2020/6/29,21:07:42,24527262,26
17.1,37.1,20,4900,-3500,29/6/2020 21:08:18.54,2020/6/29,21:08:18,24527298,36
-1.3000000000000007,18.7,20,5000,-3500,29/6/2020 21:09:13.84,2020/6/29,21:09:13,24527353,55
0.10000000000000142,20.1,20,5000,-3500,29/6/2020 21:09:39.53,2020/6/29,21:09:39,24527379,26
-8.3,11.7,20,5200,-3500,29/6/2020 21:11:19.1,2020/6/29,21:11:19,24527479,100
-18.2,1.8,20,5500,-3500,29/6/2020 21:12:31.54,2020/6/29,21:12:31,24527551,72
-28.100000000000023,351.9,20,5500,-3500,29/6/2020 21:14:31.26,2020/6/29,21:14:31,24527671,120
-38.0,342.0,20,5500,-3500,29/6/2020 21:14:58.71,2020/6/29,21:14:58,24527698,27
-42.19999999999999,337.8,20,5500,-3500,29/6/2020 21:15:34.36,2020/6/29,21:15:34,24527734,36
-40.80000000000001,339.2,20,5500,-3500,29/6/2020 21:16:27.42,2020/6/29,21:16:27,24527787,53
-46.39999999999998,333.6,20,5500,-3500,29/6/2020 21:17:31.39,2020/6/29,21:17:31,24527851,64
-56.30000000000001,323.7,20,5500,-3500,29/6/2020 21:18:35.21,2020/6/29,21:18:35,24527915,64
-71.89999999999998,308.1,20,5500,-3500,29/6/2020 21:19:46.59,2020/6/29,21:19:46,24527986,71
-81.69999999999999,298.3,20,5500,-3500,29/6/2020 21:21:45.06,2020/6/29,21:21:45,24528105,119
-81.69999999999999,298.3,20,6000,-3500,29/6/2020 21:24:46.49,2020/6/29,21:24:46,24528286,181
-81.69999999999999,298.3,20,7000,-3500,29/6/2020 21:25:30.84,2020/6/29,21:25:30,24528330,44
-97.30000000000001,282.7,20,7000,-3500,29/6/2020 21:25:49.56,2020/6/29,21:25:49,24528349,19
-107.10000000000002,272.9,20,4000,-3500,29/6/2020 21:27:01.87,2020/6/29,21:27:01,24528421,72
-121.30000000000001,258.7,20,4000,-3500,29/6/2020 21:29:01.21,2020/6/29,21:29:01,24528541,120
-162.2,217.8,20,4000,-3500,29/6/2020 21:29:27.69,2020/6/29,21:29:27,24528567,26
-163.6,216.4,20,4000,-3500,29/6/2020 21:30:04.31,2020/6/29,21:30:04,24528604,37
-179.1,200.9,20,4000,-3500,29/6/2020 21:30:57.08,2020/6/29,21:30:57,24528657,53
147.0,167.0,20,6000,-3500,29/6/2020 21:32:01.59,2020/6/29,21:32:01,24528721,64
124.4,144.4,20,6000,-3500,29/6/2020 21:33:05.85,2020/6/29,21:33:05,24528785,64
100.4,120.4,20,7000,-3500,29/6/2020 21:34:17.23,2020/6/29,21:34:17,24528857,72
86.3,106.3,20,7000,-3500,29/6/2020 21:34:43.76,2020/6/29,21:34:43,24528883,26
38.3,58.3,20,8000,-3500,29/6/2020 21:36:42.82,2020/6/29,21:36:42,24529002,119
39.7,59.7,20,8000,-3500,29/6/2020 21:37:19.95,2020/6/29,21:37:19,24529039,37
24.1,44.1,20,8000,-3500,29/6/2020 21:38:12.27,2020/6/29,21:38:12,24529092,53
