dif,ToolFace,TargetToolFace,TorP,TorN,outtime,date,time,ss,time_interval
19.400000000000006,79.4,60,6000,-3500,3/7/2020 19:58:47.17,2020/7/3,19:58:47,24868727,0
20.900000000000006,80.9,60,6000,-3500,3/7/2020 19:59:20.2,2020/7/3,19:59:20,24868760,33
23.700000000000003,83.7,60,6000,-3500,3/7/2020 19:59:47.37,2020/7/3,19:59:47,24868787,27
26.5,86.5,60,6000,-3500,3/7/2020 20:01:18.53,2020/7/3,20:01:18,24868878,91
50.5,110.5,60,6000,-3500,3/7/2020 20:02:21.26,2020/7/3,20:02:21,24868941,63
64.6,124.6,60,4500,-3500,3/7/2020 20:03:33.44,2020/7/3,20:03:33,24869013,72
80.1,140.1,60,4500,-3500,3/7/2020 20:05:33.59,2020/7/3,20:05:33,24869133,120
108.4,168.4,60,4500,-3500,3/7/2020 20:06:00.73,2020/7/3,20:06:00,24869160,27
108.4,168.4,60,4500,-3500,3/7/2020 20:06:13.47,2020/7/3,20:06:13,24869173,13
111.19999999999999,171.2,60,4500,-3500,3/7/2020 20:06:37.72,2020/7/3,20:06:37,24869197,24
83.0,143.0,60,4500,-3500,3/7/2020 20:07:29.31,2020/7/3,20:07:29,24869249,52
70.30000000000001,130.3,60,4500,-3500,3/7/2020 20:07:56.27,2020/7/3,20:07:56,24869276,27
61.8,121.8,60,4500,-3500,3/7/2020 20:09:35.07,2020/7/3,20:09:35,24869375,99
44.900000000000006,104.9,60,4500,-3500,3/7/2020 20:10:49.9,2020/7/3,20:10:49,24869449,74
42.0,102.0,60,4500,-3500,3/7/2020 20:12:48.09,2020/7/3,20:12:48,24869568,119
36.400000000000006,96.4,60,4500,-3500,3/7/2020 20:13:14.14,2020/7/3,20:13:14,24869594,26
33.599999999999994,93.6,60,4500,-3500,3/7/2020 20:13:51.44,2020/7/3,20:13:51,24869631,37
26.5,86.5,60,4500,-3500,3/7/2020 20:14:45.59,2020/7/3,20:14:45,24869685,54
25.099999999999994,85.1,60,4500,-3500,3/7/2020 20:15:48.04,2020/7/3,20:15:48,24869748,63
20.900000000000006,80.9,60,4500,-3500,3/7/2020 20:16:54.28,2020/7/3,20:16:54,24869814,66
15.200000000000003,75.2,60,4500,-3500,3/7/2020 20:17:18.44,2020/7/3,20:17:18,24869838,24
15.200000000000003,75.2,60,4500,-3500,3/7/2020 20:18:30.71,2020/7/3,20:18:30,24869910,72
11.0,71.0,60,4500,-3500,3/7/2020 20:20:02.51,2020/7/3,20:20:02,24870002,92
2.5,62.5,60,4500,-3500,3/7/2020 20:20:29.15,2020/7/3,20:20:29,24870029,27
-1.7000000000000028,58.3,60,4500,-3500,3/7/2020 20:21:05.54,2020/7/3,20:21:05,24870065,36
-7.399999999999999,52.6,60,4500,-3500,3/7/2020 20:21:59,2020/7/3,20:21:59,24870119,54
-11.600000000000001,48.4,60,4500,-3500,3/7/2020 20:23:02.3,2020/7/3,20:23:02,24870182,63
-11.600000000000001,48.4,60,4500,-3500,3/7/2020 20:23:59.21,2020/7/3,20:23:59,24870239,57
-14.399999999999999,45.6,60,4500,-3500,3/7/2020 20:24:05.28,2020/7/3,20:24:05,24870245,6
-22.9,37.1,60,4500,-3500,3/7/2020 20:25:18.45,2020/7/3,20:25:18,24870318,73
-28.6,31.4,60,6000,-3500,3/7/2020 20:27:18.14,2020/7/3,20:27:18,24870438,120
-42.7,17.3,60,6000,-3500,3/7/2020 20:27:45.09,2020/7/3,20:27:45,24870465,27
-49.7,10.3,60,6000,-3500,3/7/2020 20:28:21.08,2020/7/3,20:28:21,24870501,36
-58.2,1.8,60,6000,-3500,3/7/2020 20:29:17.59,2020/7/3,20:29:17,24870557,56
-59.6,0.4,60,6050,-3500,3/7/2020 20:30:18.54,2020/7/3,20:30:18,24870618,61
-69.5,350.5,60,7000,-3500,3/7/2020 20:31:22.06,2020/7/3,20:31:22,24870682,64
-63.89999999999998,356.1,60,7000,-3500,3/7/2020 20:32:33.83,2020/7/3,20:32:33,24870753,71
-61.0,359.0,60,6300,-3500,3/7/2020 20:34:34.85,2020/7/3,20:34:34,24870874,121
-58.2,1.8,60,6300,-3500,3/7/2020 20:35:01.27,2020/7/3,20:35:01,24870901,27
-62.39999999999998,357.6,60,6500,-3500,3/7/2020 20:35:38.27,2020/7/3,20:35:38,24870938,37
-56.8,3.2,60,6500,-3500,3/7/2020 20:36:29.21,2020/7/3,20:36:29,24870989,51
-58.2,1.8,60,7000,-3500,3/7/2020 20:37:34.83,2020/7/3,20:37:34,24871054,65
-52.6,7.4,60,6800,-3500,3/7/2020 20:38:36.15,2020/7/3,20:38:36,24871116,62
-49.7,10.3,60,6800,-3500,3/7/2020 20:39:50.13,2020/7/3,20:39:50,24871190,74
-41.3,18.7,60,6800,-3500,3/7/2020 20:41:51.62,2020/7/3,20:41:51,24871311,121
-30.0,30.0,60,6800,-3500,3/7/2020 20:42:15.01,2020/7/3,20:42:15,24871335,24
-24.299999999999997,35.7,60,6800,-3500,3/7/2020 20:43:18.1,2020/7/3,20:43:18,24871398,63
-21.5,38.5,60,6800,-3500,3/7/2020 20:44:48.53,2020/7/3,20:44:48,24871488,90
-25.700000000000003,34.3,60,6600,-3500,3/7/2020 20:45:51.47,2020/7/3,20:45:51,24871551,63
-25.700000000000003,34.3,60,6600,-3500,3/7/2020 20:45:54.66,2020/7/3,20:45:54,24871554,3
-34.2,25.8,60,6600,-3500,3/7/2020 20:47:03.89,2020/7/3,20:47:03,24871623,69
-44.1,15.9,60,6400,-3500,3/7/2020 20:49:04.25,2020/7/3,20:49:04,24871744,121
-38.4,21.6,60,6400,-3500,3/7/2020 20:50:05.24,2020/7/3,20:50:05,24871805,61
-42.7,17.3,60,6400,-3500,3/7/2020 20:50:59.57,2020/7/3,20:50:59,24871859,54
-41.3,18.7,60,6400,-3500,3/7/2020 20:52:02.17,2020/7/3,20:52:02,24871922,63
-46.9,13.1,60,6400,-3500,3/7/2020 20:53:06.02,2020/7/3,20:53:06,24871986,64
-55.4,4.6,60,6400,-3500,3/7/2020 20:54:18.21,2020/7/3,20:54:18,24872058,72
-65.30000000000001,354.7,60,6400,-3500,3/7/2020 20:56:19.26,2020/7/3,20:56:19,24872179,121
-51.1,8.9,60,6400,-3500,3/7/2020 20:56:45.16,2020/7/3,20:56:45,24872205,26
-49.7,10.3,60,6400,-3500,3/7/2020 20:57:24.21,2020/7/3,20:57:24,24872244,39
-48.3,11.7,60,6400,-3500,3/7/2020 20:58:14.44,2020/7/3,20:58:14,24872294,50
