dif,ToolFace,TargetToolFace,TorP,TorN,outtime,date,time,ss,time_interval
-75.5,304.5,20,4000,-4000,28/7/2020 15:59:09.33,2020/7/28,15:59:09,27014349,0
-79.80000000000001,300.2,20,7000,-4000,28/7/2020 15:59:55.86,2020/7/28,15:59:55,27014395,46
-69.89999999999998,310.1,20,7000,-4000,28/7/2020 16:00:50.06,2020/7/28,16:00:50,27014450,55
-53.0,327.0,20,7000,-4000,28/7/2020 16:01:52.37,2020/7/28,16:01:52,27014512,62
55.7,75.7,20,7000,-4000,28/7/2020 16:02:55.44,2020/7/28,16:02:55,27014575,63
-154.6,225.4,20,7000,-5000,28/7/2020 16:04:07.14,2020/7/28,16:04:07,27014647,72
-173.0,207.0,20,7000,-5000,28/7/2020 16:06:07.01,2020/7/28,16:06:07,27014767,120
-168.7,211.3,20,7500,-5000,28/7/2020 16:06:34.52,2020/7/28,16:06:34,27014794,27
-177.2,202.8,20,7500,-5000,28/7/2020 16:07:10.58,2020/7/28,16:07:10,27014830,36
-171.5,208.5,20,7500,-5000,28/7/2020 16:08:04.21,2020/7/28,16:08:04,27014884,54
-164.5,215.5,20,8000,-6000,28/7/2020 16:09:08.16,2020/7/28,16:09:08,27014948,64
-165.9,214.1,20,8000,-6000,28/7/2020 16:10:11.45,2020/7/28,16:10:11,27015011,63
-160.3,219.7,20,10000,-4000,28/7/2020 16:11:23.42,2020/7/28,16:11:23,27015083,72
-161.7,218.3,20,10000,-4000,28/7/2020 16:13:23.52,2020/7/28,16:13:23,27015203,120
-168.7,211.3,20,10000,-4000,28/7/2020 16:13:50.17,2020/7/28,16:13:50,27015230,27
-174.4,205.6,20,11000,-4000,28/7/2020 16:14:26.3,2020/7/28,16:14:26,27015266,36
-165.9,214.1,20,11000,-4000,28/7/2020 16:15:20.2,2020/7/28,16:15:20,27015320,54
-165.9,214.1,20,11000,-4000,28/7/2020 16:16:23.4,2020/7/28,16:16:23,27015383,63
-165.9,214.1,20,11000,-4000,28/7/2020 16:17:26.69,2020/7/28,16:17:26,27015446,63
-156.0,224.0,20,11000,-4000,28/7/2020 16:18:37.27,2020/7/28,16:18:37,27015517,71
-153.2,226.8,20,11000,-4000,28/7/2020 16:19:04.15,2020/7/28,16:19:04,27015544,27
-140.5,239.5,20,10000,-4000,28/7/2020 16:21:04.14,2020/7/28,16:21:04,27015664,120
-134.8,245.2,20,10000,-4000,28/7/2020 16:21:40.03,2020/7/28,16:21:40,27015700,36
-123.5,256.5,20,10000,-4000,28/7/2020 16:22:35.56,2020/7/28,16:22:35,27015755,55
-130.6,249.4,20,10000,-4000,28/7/2020 16:23:02.29,2020/7/28,16:23:02,27015782,27
-127.80000000000001,252.2,20,11000,-4000,28/7/2020 16:24:41.46,2020/7/28,16:24:41,27015881,99
-113.69999999999999,266.3,20,11000,-4000,28/7/2020 16:25:52.46,2020/7/28,16:25:52,27015952,71
-95.30000000000001,284.7,20,11000,-4000,28/7/2020 16:27:52.84,2020/7/28,16:27:52,27016072,120
-85.39999999999998,294.6,20,11000,-4000,28/7/2020 16:28:19.97,2020/7/28,16:28:19,27016099,27
-78.39999999999998,301.6,20,11000,-4000,28/7/2020 16:28:56.12,2020/7/28,16:28:56,27016136,37
-68.5,311.5,20,11000,-4000,28/7/2020 16:29:49.14,2020/7/28,16:29:49,27016189,53
-81.19999999999999,298.8,20,11000,-4000,28/7/2020 16:30:52.31,2020/7/28,16:30:52,27016252,63
-48.69999999999999,331.3,20,11000,-4000,28/7/2020 16:31:55.03,2020/7/28,16:31:55,27016315,63
-20.5,359.5,20,11000,-4000,28/7/2020 16:35:35.22,2020/7/28,16:35:35,27016535,220
-5.0,15.0,20,11000,-4000,28/7/2020 16:36:22.09,2020/7/28,16:36:22,27016582,47
9.2,29.2,20,9000,-5000,28/7/2020 16:37:32.57,2020/7/28,16:37:32,27016652,70
19.0,39.0,20,9000,-5500,28/7/2020 16:38:46.14,2020/7/28,16:38:46,27016726,74
31.700000000000003,51.7,20,9000,-5500,28/7/2020 16:39:38.77,2020/7/28,16:39:38,27016778,52
40.2,60.2,20,9000,-5500,28/7/2020 16:40:06.97,2020/7/28,16:40:06,27016806,28
40.2,60.2,20,9000,-5500,28/7/2020 16:41:23.99,2020/7/28,16:41:23,27016883,77
41.6,61.6,20,8500,-6000,28/7/2020 16:43:04.74,2020/7/28,16:43:04,27016984,101
55.7,75.7,20,8500,-6000,28/7/2020 16:43:33.67,2020/7/28,16:43:33,27017013,29
60.0,80.0,20,8500,-6000,28/7/2020 16:43:57.66,2020/7/28,16:43:57,27017037,24
72.7,92.7,20,8500,-6000,28/7/2020 16:46:00.3,2020/7/28,16:46:00,27017160,123
62.8,82.8,20,9000,-6000,28/7/2020 16:46:48.05,2020/7/28,16:46:48,27017208,48
74.1,94.1,20,9000,-6000,28/7/2020 16:48:03.4,2020/7/28,16:48:03,27017283,75
79.7,99.7,20,9000,-6000,28/7/2020 16:50:26.85,2020/7/28,16:50:26,27017426,143
82.6,102.6,20,9000,-6000,28/7/2020 16:51:18.26,2020/7/28,16:51:18,27017478,52
81.2,101.2,20,9000,-6000,28/7/2020 16:52:35.8,2020/7/28,16:52:35,27017555,77
86.8,106.8,20,9000,-6000,28/7/2020 16:54:17.58,2020/7/28,16:54:17,27017657,102
85.4,105.4,20,8000,-6000,28/7/2020 16:57:39.82,2020/7/28,16:57:39,27017859,202
84.0,104.0,20,8000,-6000,28/7/2020 16:58:29.06,2020/7/28,16:58:29,27017909,50
89.6,109.6,20,8000,-6000,28/7/2020 17:00:31.15,2020/7/28,17:00:31,27018031,122
79.7,99.7,20,8000,-6000,28/7/2020 17:01:43.51,2020/7/28,17:01:43,27018103,72
75.5,95.5,20,8000,-6000,28/7/2020 17:02:32.31,2020/7/28,17:02:32,27018152,49
81.2,101.2,20,7000,-6000,28/7/2020 17:03:22.23,2020/7/28,17:03:22,27018202,50
68.5,88.5,20,7000,-6000,28/7/2020 17:05:10.79,2020/7/28,17:05:10,27018310,108
65.6,85.6,20,7000,-6000,28/7/2020 17:05:36.26,2020/7/28,17:05:36,27018336,26
64.2,84.2,20,7000,-6000,28/7/2020 17:06:00.13,2020/7/28,17:06:00,27018360,24
54.3,74.3,20,8000,-6000,28/7/2020 17:07:40.94,2020/7/28,17:07:40,27018460,100
50.099999999999994,70.1,20,9000,-6000,28/7/2020 17:08:56.66,2020/7/28,17:08:56,27018536,76
36.0,56.0,20,9000,-6000,28/7/2020 17:09:23.28,2020/7/28,17:09:23,27018563,27
36.0,56.0,20,9000,-5000,28/7/2020 17:11:51.71,2020/7/28,17:11:51,27018711,148
20.5,40.5,20,9000,-5000,28/7/2020 17:12:18.28,2020/7/28,17:12:18,27018738,27
26.1,46.1,20,9000,-5000,28/7/2020 17:13:06.44,2020/7/28,17:13:06,27018786,48
21.9,41.9,20,9000,-5000,28/7/2020 17:14:24.58,2020/7/28,17:14:24,27018864,78
30.299999999999997,50.3,20,9000,-5000,28/7/2020 17:14:50.28,2020/7/28,17:14:50,27018890,26
38.8,58.8,20,9000,-5000,28/7/2020 17:16:08.22,2020/7/28,17:16:08,27018968,78
40.2,60.2,20,9000,-5000,28/7/2020 17:17:21.72,2020/7/28,17:17:21,27019041,73
43.0,63.0,20,9000,-5000,28/7/2020 17:19:03.35,2020/7/28,17:19:03,27019143,102
57.2,77.2,20,9000,-5000,28/7/2020 17:19:34.65,2020/7/28,17:19:34,27019174,31
51.5,71.5,20,9000,-5000,28/7/2020 17:20:24.67,2020/7/28,17:20:24,27019224,50
61.400000000000006,81.4,20,9000,-5000,28/7/2020 17:21:17.23,2020/7/28,17:21:17,27019277,53
60.0,80.0,20,9000,-5000,28/7/2020 17:21:47.8,2020/7/28,17:21:47,27019307,30
54.3,74.3,20,9000,-6000,28/7/2020 17:23:30.97,2020/7/28,17:23:30,27019410,103
69.9,89.9,20,9000,-6000,28/7/2020 17:24:25.19,2020/7/28,17:24:25,27019465,55
58.599999999999994,78.6,20,9000,-6000,28/7/2020 17:25:15.21,2020/7/28,17:25:15,27019515,50
64.2,84.2,20,9000,-6000,28/7/2020 17:26:58.89,2020/7/28,17:26:58,27019618,103
61.400000000000006,81.4,20,9000,-6000,28/7/2020 17:27:25.36,2020/7/28,17:27:25,27019645,27
65.6,85.6,20,9000,-6000,28/7/2020 17:28:17.19,2020/7/28,17:28:17,27019697,52
65.6,85.6,20,9000,-6000,28/7/2020 17:29:39.18,2020/7/28,17:29:39,27019779,82
57.2,77.2,20,9000,-6000,28/7/2020 17:30:31.28,2020/7/28,17:30:31,27019831,52
58.599999999999994,78.6,20,9000,-6000,28/7/2020 17:31:50.5,2020/7/28,17:31:50,27019910,79
61.400000000000006,81.4,20,9000,-6000,28/7/2020 17:34:04.54,2020/7/28,17:34:04,27020044,134
54.3,74.3,20,9000,-6000,28/7/2020 17:34:57.4,2020/7/28,17:34:57,27020097,53
65.6,85.6,20,9000,-6000,28/7/2020 17:35:48.96,2020/7/28,17:35:48,27020148,51
60.0,80.0,20,9000,-6000,28/7/2020 17:37:09.16,2020/7/28,17:37:09,27020229,81
57.2,77.2,20,9000,-6000,28/7/2020 17:37:59.54,2020/7/28,17:37:59,27020279,50
51.5,71.5,20,9000,-6000,28/7/2020 17:40:57.9,2020/7/28,17:40:57,27020457,178
45.900000000000006,65.9,20,9000,-6000,28/7/2020 17:41:21.95,2020/7/28,17:41:21,27020481,24
31.700000000000003,51.7,20,9000,-6000,28/7/2020 17:41:25.52,2020/7/28,17:41:25,27020485,4
40.2,60.2,20,9500,-5000,28/7/2020 17:42:20.2,2020/7/28,17:42:20,27020540,55
31.700000000000003,51.7,20,9500,-5000,28/7/2020 17:43:22.32,2020/7/28,17:43:22,27020602,62
26.1,46.1,20,9000,-5000,28/7/2020 17:44:25.6,2020/7/28,17:44:25,27020665,63
