dif,ToolFace,TargetToolFace,TorP,TorN,outtime,date,time,ss,time_interval
-108.80000000000001,341.2,90,5500,-4000,29/7/2020 12:04:02.21,2020/7/29,12:04:02,27086642,0
-104.60000000000002,345.4,90,5500,-4000,29/7/2020 12:04:57.71,2020/7/29,12:04:57,27086697,55
-96.10000000000002,353.9,90,5500,-4000,29/7/2020 12:05:59.13,2020/7/29,12:05:59,27086759,62
-93.30000000000001,356.7,90,5500,-4000,29/7/2020 12:06:26.51,2020/7/29,12:06:26,27086786,27
-93.30000000000001,356.7,90,5500,-4000,29/7/2020 12:07:29.5,2020/7/29,12:07:29,27086849,63
-46.7,43.3,90,5500,-4000,29/7/2020 12:08:15.54,2020/7/29,12:08:15,27086895,46
5.5,95.5,90,5500,-4000,29/7/2020 12:10:14.58,2020/7/29,12:10:14,27087014,119
1.2999999999999972,91.3,90,5500,-4000,29/7/2020 12:10:41.56,2020/7/29,12:10:41,27087041,27
-3.0,87.0,90,5500,-4000,29/7/2020 12:11:17.66,2020/7/29,12:11:17,27087077,36
-8.599999999999994,81.4,90,5500,-4000,29/7/2020 12:12:11.23,2020/7/29,12:12:11,27087131,54
-5.799999999999997,84.2,90,5500,-4000,29/7/2020 12:13:14.2,2020/7/29,12:13:14,27087194,63
-5.799999999999997,84.2,90,5500,-4000,29/7/2020 12:14:18.2,2020/7/29,12:14:18,27087258,64
-11.400000000000006,78.6,90,5500,-4000,29/7/2020 12:15:29.25,2020/7/29,12:15:29,27087329,71
-11.400000000000006,78.6,90,5500,-4000,29/7/2020 12:17:30.28,2020/7/29,12:17:30,27087450,121
-15.700000000000003,74.3,90,5500,-4000,29/7/2020 12:17:57.33,2020/7/29,12:17:57,27087477,27
-21.299999999999997,68.7,90,5500,-4000,29/7/2020 12:19:27.06,2020/7/29,12:19:27,27087567,90
-21.299999999999997,68.7,90,5500,-4000,29/7/2020 12:20:30.41,2020/7/29,12:20:30,27087630,63
-29.799999999999997,60.2,90,5500,-4000,29/7/2020 12:21:33.01,2020/7/29,12:21:33,27087693,63
-41.1,48.9,90,5500,-4000,29/7/2020 12:22:45.87,2020/7/29,12:22:45,27087765,72
-45.3,44.7,90,5500,-4000,29/7/2020 12:24:45.38,2020/7/29,12:24:45,27087885,120
-52.4,37.6,90,7000,-4000,29/7/2020 12:25:12.22,2020/7/29,12:25:12,27087912,27
-56.6,33.4,90,8000,-4000,29/7/2020 12:25:48.77,2020/7/29,12:25:48,27087948,36
-49.5,40.5,90,8000,-4000,29/7/2020 12:26:42.52,2020/7/29,12:26:42,27088002,54
-56.6,33.4,90,8000,-4000,29/7/2020 12:27:45.47,2020/7/29,12:27:45,27088065,63
-63.7,26.3,90,8000,-4000,29/7/2020 12:28:12.36,2020/7/29,12:28:12,27088092,27
-63.7,26.3,90,8000,-4000,29/7/2020 12:29:15.67,2020/7/29,12:29:15,27088155,63
-59.4,30.6,90,8500,-3500,29/7/2020 12:30:00.68,2020/7/29,12:30:00,27088200,45
-65.1,24.9,90,8500,-3500,29/7/2020 12:32:00.23,2020/7/29,12:32:00,27088320,120
-67.9,22.1,90,8500,-3500,29/7/2020 12:32:27.56,2020/7/29,12:32:27,27088347,27
-65.1,24.9,90,9000,-3500,29/7/2020 12:33:02.52,2020/7/29,12:33:02,27088382,35
-63.7,26.3,90,9000,-3500,29/7/2020 12:33:56.17,2020/7/29,12:33:56,27088436,54
-67.9,22.1,90,9500,-3500,29/7/2020 12:34:59.48,2020/7/29,12:34:59,27088499,63
-69.3,20.7,90,10000,-3500,29/7/2020 12:36:03.02,2020/7/29,12:36:03,27088563,64
-72.1,17.9,90,10000,-3500,29/7/2020 12:37:15.01,2020/7/29,12:37:15,27088635,72
-67.9,22.1,90,10000,-3500,29/7/2020 12:39:15.11,2020/7/29,12:39:15,27088755,120
-70.7,19.3,90,10000,-3500,29/7/2020 12:39:41.92,2020/7/29,12:39:41,27088781,26
-69.3,20.7,90,10000,-3500,29/7/2020 12:40:17.98,2020/7/29,12:40:17,27088817,36
-67.9,22.1,90,10000,-3500,29/7/2020 12:41:12.04,2020/7/29,12:41:12,27088872,55
-60.8,29.2,90,10000,-3500,29/7/2020 12:42:14.19,2020/7/29,12:42:14,27088934,62
-59.4,30.6,90,10000,-3500,29/7/2020 12:43:18.85,2020/7/29,12:43:18,27088998,64
-52.4,37.6,90,10000,-3500,29/7/2020 12:44:30.9,2020/7/29,12:44:30,27089070,72
-53.8,36.2,90,10000,-3500,29/7/2020 12:46:30.04,2020/7/29,12:46:30,27089190,120
-48.1,41.9,90,10000,-3500,29/7/2020 12:46:57.27,2020/7/29,12:46:57,27089217,27
-51.0,39.0,90,10000,-3500,29/7/2020 12:48:27.33,2020/7/29,12:48:27,27089307,90
-48.1,41.9,90,10000,-3500,29/7/2020 12:49:30.12,2020/7/29,12:49:30,27089370,63
-46.7,43.3,90,10000,-3500,29/7/2020 12:50:33.08,2020/7/29,12:50:33,27089433,63
-45.3,44.7,90,10000,-3500,29/7/2020 12:51:45.19,2020/7/29,12:51:45,27089505,72
-42.5,47.5,90,10000,-3500,29/7/2020 12:53:45.54,2020/7/29,12:53:45,27089625,120
-31.200000000000003,58.8,90,10000,-3500,29/7/2020 12:54:13.54,2020/7/29,12:54:13,27089653,28
-28.4,61.6,90,10000,-3500,29/7/2020 12:55:42.52,2020/7/29,12:55:42,27089742,89
-24.099999999999994,65.9,90,10000,-3500,29/7/2020 12:56:45.58,2020/7/29,12:56:45,27089805,63
-21.299999999999997,68.7,90,10000,-3500,29/7/2020 12:57:49.2,2020/7/29,12:57:49,27089869,64
-17.099999999999994,72.9,90,10000,-3500,29/7/2020 12:59:00.97,2020/7/29,12:59:00,27089940,71
-12.799999999999997,77.2,90,10000,-3500,29/7/2020 13:01:00.07,2020/7/29,13:01:00,27090060,120
-11.400000000000006,78.6,90,10000,-3500,29/7/2020 13:01:27.44,2020/7/29,13:01:27,27090087,27
-10.0,80.0,90,10000,-3500,29/7/2020 13:02:03.21,2020/7/29,13:02:03,27090123,36
-8.599999999999994,81.4,90,10000,-3500,29/7/2020 13:02:56,2020/7/29,13:02:56,27090176,53
-7.200000000000003,82.8,90,9600,-3500,29/7/2020 13:04:00.56,2020/7/29,13:04:00,27090240,64
-1.5,88.5,90,9400,-3500,29/7/2020 13:05:03.17,2020/7/29,13:05:03,27090303,63
2.700000000000003,92.7,90,9400,-3500,29/7/2020 13:06:15.39,2020/7/29,13:06:15,27090375,72
4.099999999999994,94.1,90,9400,-3500,29/7/2020 13:08:15.53,2020/7/29,13:08:15,27090495,120
8.299999999999997,98.3,90,9400,-3500,29/7/2020 13:08:42.22,2020/7/29,13:08:42,27090522,27
11.200000000000003,101.2,90,9400,-3500,29/7/2020 13:10:12.64,2020/7/29,13:10:12,27090612,90
14.0,104.0,90,9400,-3500,29/7/2020 13:11:16.11,2020/7/29,13:11:16,27090676,64
18.200000000000003,108.2,90,9400,-3500,29/7/2020 13:11:42.82,2020/7/29,13:11:42,27090702,26
18.200000000000003,108.2,90,9400,-3500,29/7/2020 13:12:47.05,2020/7/29,13:12:47,27090767,65
16.799999999999997,106.8,90,8900,-3500,29/7/2020 13:13:30.07,2020/7/29,13:13:30,27090810,43
88.2,108.2,20,8400,-5000,29/7/2020 13:15:30.36,2020/7/29,13:15:30,27090930,120
92.5,112.5,20,7900,-5000,29/7/2020 13:15:57.11,2020/7/29,13:15:57,27090957,27
93.9,113.9,20,7900,-5000,29/7/2020 13:16:33.23,2020/7/29,13:16:33,27090993,36
92.5,112.5,20,7900,-5000,29/7/2020 13:17:27.33,2020/7/29,13:17:27,27091047,54
95.3,115.3,20,7900,-5500,29/7/2020 13:18:30.56,2020/7/29,13:18:30,27091110,63
93.9,113.9,20,7900,-5500,29/7/2020 13:19:33.4,2020/7/29,13:19:33,27091173,63
92.5,112.5,20,7900,-5500,29/7/2020 13:20:45.31,2020/7/29,13:20:45,27091245,72
92.5,112.5,20,7900,-5500,29/7/2020 13:22:46.07,2020/7/29,13:22:46,27091366,121
91.0,111.0,20,7900,-6000,29/7/2020 13:23:13.39,2020/7/29,13:23:13,27091393,27
92.5,112.5,20,7900,-6000,29/7/2020 13:24:42.9,2020/7/29,13:24:42,27091482,89
86.8,106.8,20,7900,-6000,29/7/2020 13:25:46.11,2020/7/29,13:25:46,27091546,64
86.8,106.8,20,7900,-6000,29/7/2020 13:26:48.06,2020/7/29,13:26:48,27091608,62
85.4,105.4,20,7900,-6000,29/7/2020 13:27:14.4,2020/7/29,13:27:14,27091634,26
85.4,105.4,20,7900,-6000,29/7/2020 13:28:27.26,2020/7/29,13:28:27,27091707,73
79.7,99.7,20,7900,-6000,29/7/2020 13:30:00.07,2020/7/29,13:30:00,27091800,93
74.1,94.1,20,7900,-6000,29/7/2020 13:30:27.1,2020/7/29,13:30:27,27091827,27
78.3,98.3,20,7400,-6000,29/7/2020 13:31:57.32,2020/7/29,13:31:57,27091917,90
74.1,94.1,20,7400,-6000,29/7/2020 13:33:00.5,2020/7/29,13:33:00,27091980,63
74.1,94.1,20,7400,-6000,29/7/2020 13:34:03.4,2020/7/29,13:34:03,27092043,63
69.9,89.9,20,7400,-6000,29/7/2020 13:35:16.27,2020/7/29,13:35:16,27092116,73
68.5,88.5,20,7400,-6000,29/7/2020 13:37:15.74,2020/7/29,13:37:15,27092235,119
62.8,82.8,20,7400,-6000,29/7/2020 13:37:42.5,2020/7/29,13:37:42,27092262,27
68.5,88.5,20,7400,-6000,29/7/2020 13:38:18.63,2020/7/29,13:38:18,27092298,36
64.2,84.2,20,7400,-6000,29/7/2020 13:38:46.12,2020/7/29,13:38:46,27092326,28
57.2,77.2,20,7400,-6000,29/7/2020 13:40:16.45,2020/7/29,13:40:16,27092416,90
51.5,71.5,20,8400,-5000,29/7/2020 13:41:18.13,2020/7/29,13:41:18,27092478,62
51.5,71.5,20,8400,-5000,29/7/2020 13:42:30.2,2020/7/29,13:42:30,27092550,72
45.900000000000006,65.9,20,8400,-5000,29/7/2020 13:44:30.14,2020/7/29,13:44:30,27092670,120
37.4,57.4,20,8900,-4500,29/7/2020 13:44:57.37,2020/7/29,13:44:57,27092697,27
43.0,63.0,20,8900,-4500,29/7/2020 13:45:33.42,2020/7/29,13:45:33,27092733,36
44.5,64.5,20,8900,-4500,29/7/2020 13:46:27.07,2020/7/29,13:46:27,27092787,54
28.9,48.9,20,8900,-4500,29/7/2020 13:47:30.42,2020/7/29,13:47:30,27092850,63
38.8,58.8,20,8900,-4500,29/7/2020 13:48:34.04,2020/7/29,13:48:34,27092914,64
34.6,54.6,20,8900,-4500,29/7/2020 13:49:46.38,2020/7/29,13:49:46,27092986,72
43.0,63.0,20,8900,-4500,29/7/2020 13:51:46.39,2020/7/29,13:51:46,27093106,120
45.900000000000006,65.9,20,8400,-5000,29/7/2020 13:52:14.53,2020/7/29,13:52:14,27093134,28
51.5,71.5,20,8400,-5000,29/7/2020 13:52:49,2020/7/29,13:52:49,27093169,35
38.8,58.8,20,8400,-5000,29/7/2020 13:53:43.54,2020/7/29,13:53:43,27093223,54
48.7,68.7,20,8400,-5000,29/7/2020 13:54:46.75,2020/7/29,13:54:46,27093286,63
51.5,71.5,20,8400,-5000,29/7/2020 13:55:49.61,2020/7/29,13:55:49,27093349,63
57.2,77.2,20,8900,-5500,29/7/2020 13:57:00.55,2020/7/29,13:57:00,27093420,71
55.7,75.7,20,8900,-5500,29/7/2020 13:59:00.06,2020/7/29,13:59:00,27093540,120
58.599999999999994,78.6,20,8900,-5500,29/7/2020 13:59:27.47,2020/7/29,13:59:27,27093567,27
62.8,82.8,20,8900,-5500,29/7/2020 14:00:03.16,2020/7/29,14:00:03,27093603,36
60.0,80.0,20,8900,-5500,29/7/2020 14:00:58.42,2020/7/29,14:00:58,27093658,55
62.8,82.8,20,8900,-5500,29/7/2020 14:02:01.07,2020/7/29,14:02:01,27093721,63
68.5,88.5,20,8400,-6000,29/7/2020 14:03:04.48,2020/7/29,14:03:04,27093784,63
67.0,87.0,20,8400,-6000,29/7/2020 14:04:15.49,2020/7/29,14:04:15,27093855,71
68.5,88.5,20,7900,-6000,29/7/2020 14:06:16.2,2020/7/29,14:06:16,27093976,121
58.599999999999994,78.6,20,7900,-6000,29/7/2020 14:06:43.3,2020/7/29,14:06:43,27094003,27
60.0,80.0,20,7400,-6000,29/7/2020 14:08:13.69,2020/7/29,14:08:13,27094093,90
65.6,85.6,20,9400,-6000,29/7/2020 14:09:15.17,2020/7/29,14:09:15,27094155,62
60.0,80.0,20,9400,-6000,29/7/2020 14:10:18.54,2020/7/29,14:10:18,27094218,63
61.400000000000006,81.4,20,9400,-6000,29/7/2020 14:11:30,2020/7/29,14:11:30,27094290,72
51.5,71.5,20,9400,-6000,29/7/2020 14:13:30,2020/7/29,14:13:30,27094410,120
48.7,68.7,20,9400,-6000,29/7/2020 14:13:57.11,2020/7/29,14:13:57,27094437,27
48.7,68.7,20,9400,-6000,29/7/2020 14:16:31.3,2020/7/29,14:16:31,27094591,154
62.8,82.8,20,9400,-6000,29/7/2020 14:17:34.15,2020/7/29,14:17:34,27094654,63
58.599999999999994,78.6,20,9400,-6000,29/7/2020 14:18:46.27,2020/7/29,14:18:46,27094726,72
57.2,77.2,20,9400,-6000,29/7/2020 14:20:47.19,2020/7/29,14:20:47,27094847,121
47.3,67.3,20,9400,-6000,29/7/2020 14:21:13.39,2020/7/29,14:21:13,27094873,26
43.0,63.0,20,9400,-5000,29/7/2020 14:22:16.88,2020/7/29,14:22:16,27094936,63
48.7,68.7,20,9400,-5000,29/7/2020 14:23:45.37,2020/7/29,14:23:45,27095025,89
54.3,74.3,20,9400,-5000,29/7/2020 14:24:49.97,2020/7/29,14:24:49,27095089,64
-0.6999999999999993,19.3,20,9400,-5000,29/7/2020 14:26:00.44,2020/7/29,14:26:00,27095160,71
146.1,166.1,20,9400,-5000,29/7/2020 14:26:29.3,2020/7/29,14:26:29,27095189,29
