dif,ToolFace,TargetToolFace,TorP,TorN,outtime,date,time,ss,time_interval
-105.19999999999999,274.8,20,7900,-4000,29/7/2020 15:43:58.36,2020/7/29,15:43:58,27099838,0
-95.30000000000001,284.7,20,7900,-4000,29/7/2020 15:44:34.35,2020/7/29,15:44:34,27099874,36
-44.5,335.5,20,7400,-4500,29/7/2020 15:45:28.55,2020/7/29,15:45:28,27099928,54
91.0,111.0,20,7400,-6000,29/7/2020 15:46:31.55,2020/7/29,15:46:31,27099991,63
-167.3,212.7,20,7400,-6000,29/7/2020 15:47:34.32,2020/7/29,15:47:34,27100054,63
-108.0,272.0,20,8400,-5000,29/7/2020 15:48:46.25,2020/7/29,15:48:46,27100126,72
-37.39999999999998,342.6,20,8400,-5000,29/7/2020 15:50:46.24,2020/7/29,15:50:46,27100246,120
-43.10000000000002,336.9,20,8900,-4000,29/7/2020 15:51:13.25,2020/7/29,15:51:13,27100273,27
-50.10000000000002,329.9,20,8900,-4000,29/7/2020 15:51:49.05,2020/7/29,15:51:49,27100309,36
-20.5,359.5,20,8900,-4000,29/7/2020 15:52:43.34,2020/7/29,15:52:43,27100363,54
-34.60000000000002,345.4,20,9400,-4000,29/7/2020 15:53:46.22,2020/7/29,15:53:46,27100426,63
-24.69999999999999,355.3,20,9400,-4000,29/7/2020 15:54:49.36,2020/7/29,15:54:49,27100489,63
-31.80000000000001,348.2,20,9400,-4000,29/7/2020 15:56:01.01,2020/7/29,15:56:01,27100561,72
-33.19999999999999,346.8,20,9400,-4000,29/7/2020 15:58:01.52,2020/7/29,15:58:01,27100681,120
-27.5,352.5,20,9400,-4000,29/7/2020 15:58:28.01,2020/7/29,15:58:28,27100708,27
-23.30000000000001,356.7,20,9400,-4000,29/7/2020 15:59:03.39,2020/7/29,15:59:03,27100743,35
-17.7,2.3,20,9400,-4000,29/7/2020 15:59:58.01,2020/7/29,15:59:58,27100798,55
-7.800000000000001,12.2,20,9400,-5000,29/7/2020 16:01:00.23,2020/7/29,16:01:00,27100860,62
0.6999999999999993,20.7,20,9400,-5000,29/7/2020 16:02:03.45,2020/7/29,16:02:03,27100923,63
-3.5,16.5,20,9400,-5000,29/7/2020 16:03:16.31,2020/7/29,16:03:16,27100996,73
6.300000000000001,26.3,20,9400,-5000,29/7/2020 16:05:16.37,2020/7/29,16:05:16,27101116,120
14.799999999999997,34.8,20,9400,-5000,29/7/2020 16:06:19.57,2020/7/29,16:06:19,27101179,63
16.200000000000003,36.2,20,9400,-5000,29/7/2020 16:07:13.28,2020/7/29,16:07:13,27101233,54
27.5,47.5,20,8900,-5000,29/7/2020 16:08:16.21,2020/7/29,16:08:16,27101296,63
28.9,48.9,20,8900,-5000,29/7/2020 16:09:19.28,2020/7/29,16:09:19,27101359,63
36.0,56.0,20,8900,-6000,29/7/2020 16:10:31.01,2020/7/29,16:10:31,27101431,72
40.2,60.2,20,8900,-6000,29/7/2020 16:12:31.39,2020/7/29,16:12:31,27101551,120
37.4,57.4,20,8900,-6000,29/7/2020 16:12:58.48,2020/7/29,16:12:58,27101578,27
40.2,60.2,20,8900,-6000,29/7/2020 16:13:34.17,2020/7/29,16:13:34,27101614,36
37.4,57.4,20,8900,-6000,29/7/2020 16:14:28.32,2020/7/29,16:14:28,27101668,54
38.8,58.8,20,8400,-6000,29/7/2020 16:15:31.48,2020/7/29,16:15:31,27101731,63
43.0,63.0,20,8400,-6000,29/7/2020 16:16:34.48,2020/7/29,16:16:34,27101794,63
36.0,56.0,20,8400,-6000,29/7/2020 16:17:46.37,2020/7/29,16:17:46,27101866,72
37.4,57.4,20,8400,-6000,29/7/2020 16:19:46.37,2020/7/29,16:19:46,27101986,120
38.8,58.8,20,8400,-6000,29/7/2020 16:20:13.55,2020/7/29,16:20:13,27102013,27
30.299999999999997,50.3,20,8400,-6000,29/7/2020 16:20:49.42,2020/7/29,16:20:49,27102049,36
33.2,53.2,20,8400,-6000,29/7/2020 16:21:43.13,2020/7/29,16:21:43,27102103,54
38.8,58.8,20,7900,-6000,29/7/2020 16:22:46.38,2020/7/29,16:22:46,27102166,63
19.0,39.0,20,8400,-6000,29/7/2020 16:23:49.17,2020/7/29,16:23:49,27102229,63
20.5,40.5,20,8400,-6000,29/7/2020 16:25:01.4,2020/7/29,16:25:01,27102301,72
27.5,47.5,20,7900,-6000,29/7/2020 16:27:02.38,2020/7/29,16:27:02,27102422,121
14.799999999999997,34.8,20,7900,-6000,29/7/2020 16:27:28.31,2020/7/29,16:27:28,27102448,26
23.299999999999997,43.3,20,7900,-6000,29/7/2020 16:28:05.58,2020/7/29,16:28:05,27102485,37
19.0,39.0,20,7900,-6000,29/7/2020 16:28:58.46,2020/7/29,16:28:58,27102538,53
14.799999999999997,34.8,20,7900,-6000,29/7/2020 16:30:01.3,2020/7/29,16:30:01,27102601,63
9.2,29.2,20,8400,-6000,29/7/2020 16:31:04.31,2020/7/29,16:31:04,27102664,63
-5.0,15.0,20,8900,-6000,29/7/2020 16:32:16.02,2020/7/29,16:32:16,27102736,72
3.5,23.5,20,8900,-6000,29/7/2020 16:32:43.21,2020/7/29,16:32:43,27102763,27
-7.800000000000001,12.2,20,8900,-6000,29/7/2020 16:34:43.36,2020/7/29,16:34:43,27102883,120
-2.1000000000000014,17.9,20,8900,-6000,29/7/2020 16:35:19.26,2020/7/29,16:35:19,27102919,36
-19.1,0.9,20,8900,-6000,29/7/2020 16:36:13.05,2020/7/29,16:36:13,27102973,54
-16.3,3.7,20,8900,-6000,29/7/2020 16:37:16.09,2020/7/29,16:37:16,27103036,63
-7.800000000000001,12.2,20,8900,-6000,29/7/2020 16:38:19.11,2020/7/29,16:38:19,27103099,63
-14.8,5.2,20,8900,-6000,29/7/2020 16:39:31.59,2020/7/29,16:39:31,27103171,72
-10.6,9.4,20,8900,-6000,29/7/2020 16:41:31.32,2020/7/29,16:41:31,27103291,120
-16.3,3.7,20,8900,-6000,29/7/2020 16:41:58.48,2020/7/29,16:41:58,27103318,27
-7.800000000000001,12.2,20,8900,-6000,29/7/2020 16:43:28.2,2020/7/29,16:43:28,27103408,90
-7.800000000000001,12.2,20,8900,-6000,29/7/2020 16:44:31.35,2020/7/29,16:44:31,27103471,63
2.1000000000000014,22.1,20,8900,-6000,29/7/2020 16:45:34.09,2020/7/29,16:45:34,27103534,63
-7.800000000000001,12.2,20,8900,-6000,29/7/2020 16:46:46.55,2020/7/29,16:46:46,27103606,72
-5.0,15.0,20,8900,-6000,29/7/2020 16:48:46.55,2020/7/29,16:48:46,27103726,120
0.6999999999999993,20.7,20,8900,-6000,29/7/2020 16:49:13.05,2020/7/29,16:49:13,27103753,27
-3.5,16.5,20,8900,-6000,29/7/2020 16:49:49.06,2020/7/29,16:49:49,27103789,36
-2.1000000000000014,17.9,20,8900,-6000,29/7/2020 16:50:43.37,2020/7/29,16:50:43,27103843,54
-6.4,13.6,20,8900,-6000,29/7/2020 16:51:10.09,2020/7/29,16:51:10,27103870,27
-3.5,16.5,20,8900,-6000,29/7/2020 16:52:50.49,2020/7/29,16:52:50,27103970,100
-6.4,13.6,20,8900,-6000,29/7/2020 16:54:02.05,2020/7/29,16:54:02,27104042,72
-9.2,10.8,20,8900,-4000,29/7/2020 16:56:02.45,2020/7/29,16:56:02,27104162,120
9.2,29.2,20,8900,-4000,29/7/2020 16:56:28.5,2020/7/29,16:56:28,27104188,26
12.0,32.0,20,8900,-4000,29/7/2020 16:57:04.55,2020/7/29,16:57:04,27104224,36
16.200000000000003,36.2,20,8900,-4000,29/7/2020 16:57:59.35,2020/7/29,16:57:59,27104279,55
13.399999999999999,33.4,20,8900,-4000,29/7/2020 16:59:01.27,2020/7/29,16:59:01,27104341,62
180.0,200.0,20,8900,-4000,29/7/2020 17:00:04.16,2020/7/29,17:00:04,27104404,63
