dif,ToolFace,TargetToolFace,TorP,TorN,outtime,date,time,ss,time_interval
-165.9,214.1,20,4500,-3500,31/7/2020 14:56:13.79,2020/7/31,14:56:13,27269773,0
-57.19999999999999,322.8,20,5500,-3500,31/7/2020 14:56:32.47,2020/7/31,14:56:32,27269792,19
-53.0,327.0,20,5500,-3500,31/7/2020 14:57:08.13,2020/7/31,14:57:08,27269828,36
-43.10000000000002,336.9,20,5500,-3500,31/7/2020 14:58:02.49,2020/7/31,14:58:02,27269882,54
-6.4,13.6,20,5500,-3500,31/7/2020 14:59:06.45,2020/7/31,14:59:06,27269946,64
-129.2,250.8,20,5500,-3500,31/7/2020 15:00:09.03,2020/7/31,15:00:09,27270009,63
-143.3,236.7,20,5500,-3500,31/7/2020 15:01:21.23,2020/7/31,15:01:21,27270081,72
-150.4,229.6,20,5500,-3500,31/7/2020 15:03:21.06,2020/7/31,15:03:21,27270201,120
-149.0,231.0,20,5500,-3500,31/7/2020 15:03:48.21,2020/7/31,15:03:48,27270228,27
-158.8,221.2,20,5500,-3500,31/7/2020 15:04:24.27,2020/7/31,15:04:24,27270264,36
-163.1,216.9,20,5500,-3500,31/7/2020 15:05:18.63,2020/7/31,15:05:18,27270318,54
-151.8,228.2,20,4500,-4000,31/7/2020 15:06:21.82,2020/7/31,15:06:21,27270381,63
-167.3,212.7,20,4500,-4000,31/7/2020 15:07:24.85,2020/7/31,15:07:24,27270444,63
-168.7,211.3,20,4500,-4000,31/7/2020 15:08:36.08,2020/7/31,15:08:36,27270516,72
-158.8,221.2,20,4500,-4000,31/7/2020 15:12:06.22,2020/7/31,15:12:06,27270726,210
-157.4,222.6,20,4500,-4000,31/7/2020 15:12:59.24,2020/7/31,15:12:59,27270779,53
-164.5,215.5,20,4500,-4000,31/7/2020 15:14:02.54,2020/7/31,15:14:02,27270842,63
-164.5,215.5,20,4500,-4000,31/7/2020 15:15:05.11,2020/7/31,15:15:05,27270905,63
-158.8,221.2,20,4500,-4000,31/7/2020 15:15:50.22,2020/7/31,15:15:50,27270950,45
-158.8,221.2,20,4500,-4000,31/7/2020 15:17:01.81,2020/7/31,15:17:01,27271021,71
-157.4,222.6,20,4500,-4000,31/7/2020 15:17:50.09,2020/7/31,15:17:50,27271070,49
-163.1,216.9,20,4500,-4000,31/7/2020 15:18:17.14,2020/7/31,15:18:17,27271097,27
-164.5,215.5,20,4500,-4000,31/7/2020 15:18:53.19,2020/7/31,15:18:53,27271133,36
-167.3,212.7,20,4500,-4000,31/7/2020 15:19:47.57,2020/7/31,15:19:47,27271187,54
-161.7,218.3,20,4500,-4000,31/7/2020 15:20:50.33,2020/7/31,15:20:50,27271250,63
-161.7,218.3,20,8000,-6000,31/7/2020 15:21:53.5,2020/7/31,15:21:53,27271313,63
180.0,200.0,20,10000,-4000,31/7/2020 15:23:05.15,2020/7/31,15:23:05,27271385,72
154.6,174.6,20,8000,-6000,31/7/2020 15:25:06.58,2020/7/31,15:25:06,27271506,121
158.8,178.8,20,7000,-6000,31/7/2020 15:25:33.22,2020/7/31,15:25:33,27271533,27
157.4,177.4,20,7000,-6000,31/7/2020 15:27:03.57,2020/7/31,15:27:03,27271623,90
163.0,183.0,20,7000,-6000,31/7/2020 15:28:06.16,2020/7/31,15:28:06,27271686,63
154.6,174.6,20,4500,-4000,31/7/2020 15:29:09.09,2020/7/31,15:29:09,27271749,63
147.5,167.5,20,7000,-6000,31/7/2020 15:30:21.64,2020/7/31,15:30:21,27271821,72
157.4,177.4,20,4500,-4000,31/7/2020 15:30:48.31,2020/7/31,15:30:48,27271848,27
106.6,126.6,20,10000,-4000,31/7/2020 15:32:48.23,2020/7/31,15:32:48,27271968,120
108.0,128.0,20,10000,-4000,31/7/2020 15:34:18.39,2020/7/31,15:34:18,27272058,90
119.30000000000001,139.3,20,10000,-4000,31/7/2020 15:35:21.6,2020/7/31,15:35:21,27272121,63
167.3,187.3,20,10000,-4000,31/7/2020 15:36:24.45,2020/7/31,15:36:24,27272184,63
-154.6,225.4,20,10000,-4000,31/7/2020 15:37:36.07,2020/7/31,15:37:36,27272256,72
-127.80000000000001,252.2,20,10000,-4000,31/7/2020 15:39:36.27,2020/7/31,15:39:36,27272376,120
-34.60000000000002,345.4,20,8000,-4000,31/7/2020 15:40:03.59,2020/7/31,15:40:03,27272403,27
-9.2,10.8,20,9000,-4000,31/7/2020 15:40:38.14,2020/7/31,15:40:38,27272438,35
64.2,84.2,20,8000,-4000,31/7/2020 15:41:33.38,2020/7/31,15:41:33,27272493,55
76.9,96.9,20,8000,-4000,31/7/2020 15:42:35.59,2020/7/31,15:42:35,27272555,62
92.5,112.5,20,8000,-4000,31/7/2020 15:43:39.49,2020/7/31,15:43:39,27272619,64
100.9,120.9,20,8000,-6000,31/7/2020 15:44:50.38,2020/7/31,15:44:50,27272690,71
112.19999999999999,132.2,20,8000,-6000,31/7/2020 15:46:50.06,2020/7/31,15:46:50,27272810,120
103.7,123.7,20,8000,-6000,31/7/2020 15:47:17.42,2020/7/31,15:47:17,27272837,27
108.0,128.0,20,7500,-6000,31/7/2020 15:47:53.07,2020/7/31,15:47:53,27272873,36
102.3,122.3,20,7500,-6000,31/7/2020 15:48:47.09,2020/7/31,15:48:47,27272927,54
105.2,125.2,20,7500,-6000,31/7/2020 15:49:51.54,2020/7/31,15:49:51,27272991,64
103.7,123.7,20,7500,-6000,31/7/2020 15:50:54.04,2020/7/31,15:50:54,27273054,63
85.4,105.4,20,7500,-6000,31/7/2020 15:54:06.51,2020/7/31,15:54:06,27273246,192
58.599999999999994,78.6,20,9000,-5000,31/7/2020 15:54:33.35,2020/7/31,15:54:33,27273273,27
62.8,82.8,20,9000,-6000,31/7/2020 15:55:09.2,2020/7/31,15:55:09,27273309,36
51.5,71.5,20,8000,-6000,31/7/2020 15:56:03.3,2020/7/31,15:56:03,27273363,54
57.2,77.2,20,8000,-6000,31/7/2020 15:57:06.39,2020/7/31,15:57:06,27273426,63
67.0,87.0,20,8000,-6000,31/7/2020 15:58:09.18,2020/7/31,15:58:09,27273489,63
51.5,71.5,20,8000,-6000,31/7/2020 15:59:21.13,2020/7/31,15:59:21,27273561,72
48.7,68.7,20,8000,-6000,31/7/2020 16:01:21.43,2020/7/31,16:01:21,27273681,120
47.3,67.3,20,8000,-6000,31/7/2020 16:01:48.39,2020/7/31,16:01:48,27273708,27
50.099999999999994,70.1,20,8000,-6000,31/7/2020 16:02:24.47,2020/7/31,16:02:24,27273744,36
38.8,58.8,20,8000,-6000,31/7/2020 16:03:18.27,2020/7/31,16:03:18,27273798,54
38.8,58.8,20,8000,-6000,31/7/2020 16:04:21.13,2020/7/31,16:04:21,27273861,63
38.8,58.8,20,8000,-6000,31/7/2020 16:05:24.5,2020/7/31,16:05:24,27273924,63
26.1,46.1,20,8000,-4500,31/7/2020 16:06:36.21,2020/7/31,16:06:36,27273996,72
27.5,47.5,20,8000,-4500,31/7/2020 16:08:35.46,2020/7/31,16:08:35,27274115,119
14.799999999999997,34.8,20,8000,-4500,31/7/2020 16:09:03.26,2020/7/31,16:09:03,27274143,28
27.5,47.5,20,8500,-4500,31/7/2020 16:09:38.14,2020/7/31,16:09:38,27274178,35
24.700000000000003,44.7,20,8500,-4500,31/7/2020 16:10:32.32,2020/7/31,16:10:32,27274232,54
24.700000000000003,44.7,20,8500,-4500,31/7/2020 16:11:35.47,2020/7/31,16:11:35,27274295,63
17.6,37.6,20,8500,-4500,31/7/2020 16:12:38.37,2020/7/31,16:12:38,27274358,63
33.2,53.2,20,8500,-4500,31/7/2020 16:13:51.52,2020/7/31,16:13:51,27274431,73
30.299999999999997,50.3,20,8500,-4500,31/7/2020 16:15:51.52,2020/7/31,16:15:51,27274551,120
38.8,58.8,20,8500,-5000,31/7/2020 16:16:18.22,2020/7/31,16:16:18,27274578,27
36.0,56.0,20,8500,-5000,31/7/2020 16:16:54.35,2020/7/31,16:16:54,27274614,36
43.0,63.0,20,8500,-5000,31/7/2020 16:17:48.35,2020/7/31,16:17:48,27274668,54
44.5,64.5,20,8500,-5000,31/7/2020 16:18:51.14,2020/7/31,16:18:51,27274731,63
50.099999999999994,70.1,20,8000,-5000,31/7/2020 16:19:54.33,2020/7/31,16:19:54,27274794,63
57.2,77.2,20,8000,-5500,31/7/2020 16:21:06.23,2020/7/31,16:21:06,27274866,72
64.2,84.2,20,8000,-6000,31/7/2020 16:23:06.27,2020/7/31,16:23:06,27274986,120
51.5,71.5,20,8000,-6000,31/7/2020 16:23:33.03,2020/7/31,16:23:33,27275013,27
55.7,75.7,20,8000,-6000,31/7/2020 16:24:09.52,2020/7/31,16:24:09,27275049,36
47.3,67.3,20,8000,-6000,31/7/2020 16:25:03,2020/7/31,16:25:03,27275103,54
38.8,58.8,20,8000,-5000,31/7/2020 16:26:06.43,2020/7/31,16:26:06,27275166,63
30.299999999999997,50.3,20,8000,-4000,31/7/2020 16:27:09,2020/7/31,16:27:09,27275229,63
27.5,47.5,20,8000,-4000,31/7/2020 16:28:21.24,2020/7/31,16:28:21,27275301,72
31.700000000000003,51.7,20,8000,-4000,31/7/2020 16:28:48.34,2020/7/31,16:28:48,27275328,27
31.700000000000003,51.7,20,8000,-4000,31/7/2020 16:30:48.27,2020/7/31,16:30:48,27275448,120
36.0,56.0,20,8000,-5000,31/7/2020 16:31:24.28,2020/7/31,16:31:24,27275484,36
41.6,61.6,20,8000,-5000,31/7/2020 16:32:18.02,2020/7/31,16:32:18,27275538,54
43.0,63.0,20,8000,-5000,31/7/2020 16:33:21.12,2020/7/31,16:33:21,27275601,63
38.8,58.8,20,8000,-5000,31/7/2020 16:34:24.57,2020/7/31,16:34:24,27275664,63
41.6,61.6,20,8000,-5000,31/7/2020 16:35:36.39,2020/7/31,16:35:36,27275736,72
48.7,68.7,20,8000,-5000,31/7/2020 16:37:37.57,2020/7/31,16:37:37,27275857,121
50.099999999999994,70.1,20,8000,-5000,31/7/2020 16:38:04.33,2020/7/31,16:38:04,27275884,27
52.900000000000006,72.9,20,8000,-5000,31/7/2020 16:38:40.47,2020/7/31,16:38:40,27275920,36
48.7,68.7,20,8000,-5000,31/7/2020 16:39:33.47,2020/7/31,16:39:33,27275973,53
48.7,68.7,20,8000,-5000,31/7/2020 16:40:36.15,2020/7/31,16:40:36,27276036,63
48.7,68.7,20,8000,-5000,31/7/2020 16:41:39.1,2020/7/31,16:41:39,27276099,63
50.099999999999994,70.1,20,8000,-5000,31/7/2020 16:42:51.21,2020/7/31,16:42:51,27276171,72
52.900000000000006,72.9,20,8000,-5000,31/7/2020 16:44:51.17,2020/7/31,16:44:51,27276291,120
61.400000000000006,81.4,20,8000,-5000,31/7/2020 16:45:18.41,2020/7/31,16:45:18,27276318,27
57.2,77.2,20,8000,-5000,31/7/2020 16:45:54.43,2020/7/31,16:45:54,27276354,36
65.6,85.6,20,8000,-5000,31/7/2020 16:46:48.16,2020/7/31,16:46:48,27276408,54
72.7,92.7,20,8000,-5000,31/7/2020 16:47:51.16,2020/7/31,16:47:51,27276471,63
64.2,84.2,20,8000,-5000,31/7/2020 16:48:54.35,2020/7/31,16:48:54,27276534,63
72.7,92.7,20,8000,-5000,31/7/2020 16:49:21.14,2020/7/31,16:49:21,27276561,27
72.7,92.7,20,8000,-5000,31/7/2020 16:50:33.29,2020/7/31,16:50:33,27276633,72
75.5,95.5,20,8000,-5000,31/7/2020 16:52:06.17,2020/7/31,16:52:06,27276726,93
84.0,104.0,20,8000,-5500,31/7/2020 16:52:33.52,2020/7/31,16:52:33,27276753,27
85.4,105.4,20,8000,-6000,31/7/2020 16:53:09.17,2020/7/31,16:53:09,27276789,36
79.7,99.7,20,8000,-6000,31/7/2020 16:54:03.4,2020/7/31,16:54:03,27276843,54
79.7,99.7,20,8000,-6000,31/7/2020 16:55:06.08,2020/7/31,16:55:06,27276906,63
86.8,106.8,20,8000,-6000,31/7/2020 16:56:09.08,2020/7/31,16:56:09,27276969,63
85.4,105.4,20,8000,-6000,31/7/2020 16:57:21.33,2020/7/31,16:57:21,27277041,72
79.7,99.7,20,8000,-5000,31/7/2020 16:59:21.02,2020/7/31,16:59:21,27277161,120
76.9,96.9,20,8000,-5000,31/7/2020 16:59:48.4,2020/7/31,16:59:48,27277188,27
74.1,94.1,20,8000,-5000,31/7/2020 17:00:24.15,2020/7/31,17:00:24,27277224,36
69.9,89.9,20,8000,-5000,31/7/2020 17:01:18.24,2020/7/31,17:01:18,27277278,54
74.1,94.1,20,8000,-5000,31/7/2020 17:02:22.06,2020/7/31,17:02:22,27277342,64
78.3,98.3,20,8000,-5000,31/7/2020 17:03:24.51,2020/7/31,17:03:24,27277404,62
79.7,99.7,20,8000,-5000,31/7/2020 17:03:51.04,2020/7/31,17:03:51,27277431,27
82.6,102.6,20,8000,-5000,31/7/2020 17:05:03.21,2020/7/31,17:05:03,27277503,72
85.4,105.4,20,8000,-5000,31/7/2020 17:07:03.16,2020/7/31,17:07:03,27277623,120
89.6,109.6,20,8000,-5000,31/7/2020 17:07:39.38,2020/7/31,17:07:39,27277659,36
-116.5,263.5,20,8000,-5000,31/7/2020 17:08:33,2020/7/31,17:08:33,27277713,54
60.0,80.0,20,8000,-5000,31/7/2020 17:09:36.42,2020/7/31,17:09:36,27277776,63
