,ACTIME,TIME,TARSTF,SGTF,dif,TOR_P,TOR_N,DATE,ss2,time_interval
0,29/7/2020 03:45:12.05,3:45:12,20,348.2,31.8,9500,-3000,2020/7/29,27056712,0
1,29/7/2020 03:46:09.24,3:46:09,20,348.2,31.8,9500,-3000,2020/7/29,27056769,57
2,29/7/2020 03:47:12.5,3:47:12,20,351.0,29.0,9500,-3000,2020/7/29,27056832,63
3,29/7/2020 03:47:39.7,3:47:39,20,338.3,41.7,9500,-3000,2020/7/29,27056859,27
4,29/7/2020 03:48:51.05,3:48:51,20,341.2,38.8,9500,-3000,2020/7/29,27056931,72
5,29/7/2020 03:50:51.49,3:50:51,20,359.5,20.5,9500,-3000,2020/7/29,27057051,120
6,29/7/2020 03:51:54.45,3:51:54,20,3.7,16.3,9500,-3000,2020/7/29,27057114,63
7,29/7/2020 03:53:24.26,3:53:24,20,6.6,13.4,9500,-3000,2020/7/29,27057204,90
8,29/7/2020 03:54:27.13,3:54:27,20,12.2,7.8,8000,-4000,2020/7/29,27057267,63
9,29/7/2020 03:55:39.45,3:55:39,20,20.7,-0.7,8000,-4000,2020/7/29,27057339,72
10,29/7/2020 03:57:39.15,3:57:39,20,26.3,-6.3,8000,-4000,2020/7/29,27057459,120
11,29/7/2020 03:58:06.34,3:58:06,20,36.2,-16.2,8000,-4000,2020/7/29,27057486,27
12,29/7/2020 03:58:42.36,3:58:42,20,40.5,-20.5,8000,-4000,2020/7/29,27057522,36
13,29/7/2020 04:00:04.45,4:00:04,20,43.3,-23.3,8000,-4000,2020/7/29,27057604,82
14,29/7/2020 04:01:43.23,4:01:43,20,48.9,-28.9,8000,-3000,2020/7/29,27057703,99
15,29/7/2020 04:02:55.43,4:02:55,20,50.3,-30.3,8000,-4000,2020/7/29,27057775,72
16,29/7/2020 04:04:55.08,4:04:55,20,51.7,-31.7,8000,-4000,2020/7/29,27057895,120
17,29/7/2020 04:05:57.23,4:05:57,20,53.2,-33.2,8000,-4000,2020/7/29,27057957,62
18,29/7/2020 04:07:54.06,4:07:54,20,53.2,-33.2,8000,-4000,2020/7/29,27058074,117
19,29/7/2020 04:08:57.33,4:08:57,20,56.0,-36.0,8000,-4000,2020/7/29,27058137,63
20,29/7/2020 04:10:09,4:10:09,20,58.8,-38.8,7000,-4000,2020/7/29,27058209,72
21,29/7/2020 04:12:09.34,4:12:09,20,61.6,-41.6,7000,-4000,2020/7/29,27058329,120
22,29/7/2020 04:12:36.37,4:12:36,20,60.2,-40.2,7000,-4000,2020/7/29,27058356,27
23,29/7/2020 04:13:12.03,4:13:12,20,61.6,-41.6,7000,-4000,2020/7/29,27058392,36
24,29/7/2020 04:14:06.32,4:14:06,20,63.0,-43.0,7000,-4000,2020/7/29,27058446,54
25,29/7/2020 04:15:09.41,4:15:09,20,65.9,-45.9,7000,-4000,2020/7/29,27058509,63
26,29/7/2020 04:16:12.05,4:16:12,20,67.3,-47.3,7000,-4000,2020/7/29,27058572,63
27,29/7/2020 04:19:24.36,4:19:24,20,71.5,-51.5,7000,-5000,2020/7/29,27058764,192
28,29/7/2020 04:20:27.42,4:20:27,20,70.1,-50.1,7000,-5000,2020/7/29,27058827,63
29,29/7/2020 04:21:21.57,4:21:21,20,71.5,-51.5,7000,-5000,2020/7/29,27058881,54
30,29/7/2020 04:22:24.29,4:22:24,20,74.3,-54.3,7000,-5000,2020/7/29,27058944,63
31,29/7/2020 04:23:27.4,4:23:27,20,72.9,-52.9,7000,-5000,2020/7/29,27059007,63
32,29/7/2020 04:24:40.41,4:24:40,20,70.1,-50.1,7000,-5000,2020/7/29,27059080,73
33,29/7/2020 04:26:40.04,4:26:40,20,74.3,-54.3,8000,-6000,2020/7/29,27059200,120
34,29/7/2020 04:27:07.51,4:27:07,20,72.9,-52.9,8000,-6000,2020/7/29,27059227,27
35,29/7/2020 04:27:43.44,4:27:43,20,70.1,-50.1,8000,-6000,2020/7/29,27059263,36
36,29/7/2020 04:29:40.25,4:29:40,20,65.9,-45.9,8000,-6000,2020/7/29,27059380,117
37,29/7/2020 04:30:43,4:30:43,20,67.3,-47.3,8000,-6000,2020/7/29,27059443,63
38,29/7/2020 04:31:55.07,4:31:55,20,65.9,-45.9,8000,-6000,2020/7/29,27059515,72
39,29/7/2020 04:33:55.36,4:33:55,20,58.8,-38.8,8000,-5000,2020/7/29,27059635,120
40,29/7/2020 04:34:21.4,4:34:21,20,51.7,-31.7,8000,-5000,2020/7/29,27059661,26
41,29/7/2020 04:36:54.3,4:36:54,20,48.9,-28.9,8000,-5000,2020/7/29,27059814,153
42,29/7/2020 04:37:59.21,4:37:59,20,50.3,-30.3,8000,-5000,2020/7/29,27059879,65
43,29/7/2020 04:39:16.56,4:39:16,20,51.7,-31.7,8000,-5000,2020/7/29,27059956,77
44,29/7/2020 04:41:11.91,4:41:11,20,48.9,-28.9,8000,-5000,2020/7/29,27060071,115
45,29/7/2020 04:41:40.51,4:41:40,20,46.1,-26.1,8000,-5000,2020/7/29,27060100,29
46,29/7/2020 04:42:17.11,4:42:17,20,47.5,-27.5,8000,-5000,2020/7/29,27060137,37
47,29/7/2020 04:43:14.19,4:43:14,20,48.9,-28.9,8000,-5000,2020/7/29,27060194,57
48,29/7/2020 04:44:13.4,4:44:13,20,50.3,-30.3,8000,-5000,2020/7/29,27060253,59
49,29/7/2020 04:45:17.66,4:45:17,20,47.5,-27.5,8000,-5000,2020/7/29,27060317,64
50,29/7/2020 04:48:28.1,4:48:28,20,43.3,-23.3,8000,-4000,2020/7/29,27060508,191
51,29/7/2020 04:48:54.66,4:48:54,20,47.5,-27.5,8000,-4000,2020/7/29,27060534,26
52,29/7/2020 04:49:33.4,4:49:33,20,48.9,-28.9,8000,-4000,2020/7/29,27060573,39
53,29/7/2020 04:50:26.51,4:50:26,20,47.5,-27.5,8000,-4000,2020/7/29,27060626,53
54,29/7/2020 04:51:30.11,4:51:30,20,53.2,-33.2,8000,-4000,2020/7/29,27060690,64
55,29/7/2020 04:51:56.62,4:51:56,20,47.5,-27.5,8000,-4000,2020/7/29,27060716,26
56,29/7/2020 04:52:57.64,4:52:57,20,47.5,-27.5,8000,-4000,2020/7/29,27060777,61
57,29/7/2020 04:53:44.54,4:53:44,20,56.0,-36.0,8000,-4000,2020/7/29,27060824,47
58,29/7/2020 04:55:42.97,4:55:42,20,51.7,-31.7,8000,-4000,2020/7/29,27060942,118
59,29/7/2020 04:56:11.41,4:56:11,20,58.8,-38.8,8000,-4000,2020/7/29,27060971,29
60,29/7/2020 04:57:40.97,4:57:40,20,58.8,-38.8,8000,-4000,2020/7/29,27061060,89
61,29/7/2020 04:58:43.26,4:58:43,20,61.6,-41.6,8000,-4000,2020/7/29,27061123,63
62,29/7/2020 04:59:43,4:59:43,20,60.2,-40.2,8000,-4000,2020/7/29,27061183,60
63,29/7/2020 05:00:58.98,5:00:58,20,67.3,-47.3,8000,-5000,2020/7/29,27061258,75
64,29/7/2020 05:02:59.12,5:02:59,20,63.0,-43.0,8000,-5000,2020/7/29,27061379,121
65,29/7/2020 05:03:28.07,5:03:28,20,64.5,-44.5,8000,-5000,2020/7/29,27061408,29
66,29/7/2020 05:04:56.81,5:04:56,20,68.7,-48.7,8000,-5000,2020/7/29,27061496,88
67,29/7/2020 05:07:04.73,5:07:04,20,67.3,-47.3,8000,-5000,2020/7/29,27061624,128
68,29/7/2020 05:08:17.58,5:08:17,20,67.3,-47.3,8000,-5000,2020/7/29,27061697,73
69,29/7/2020 05:10:14.55,5:10:14,20,65.9,-45.9,8000,-5000,2020/7/29,27061814,117
70,29/7/2020 05:10:39.89,5:10:39,20,70.1,-50.1,8000,-5000,2020/7/29,27061839,25
71,29/7/2020 05:11:15.4,5:11:15,20,72.9,-52.9,8000,-6000,2020/7/29,27061875,36
72,29/7/2020 05:12:27.35,5:12:27,20,75.7,-55.7,8000,-6000,2020/7/29,27061947,72
73,29/7/2020 05:13:14.87,5:13:14,20,78.6,-58.6,8000,-6000,2020/7/29,27061994,47
74,29/7/2020 05:14:21.02,5:14:21,20,82.8,-62.8,8000,-6000,2020/7/29,27062061,67
75,29/7/2020 05:15:28.79,5:15:28,20,81.4,-61.4,7000,-5000,2020/7/29,27062128,67
76,29/7/2020 05:17:28.49,5:17:28,20,81.4,-61.4,7000,-5000,2020/7/29,27062248,120
77,29/7/2020 05:18:28.53,5:18:28,20,80.0,-60.0,7000,-5000,2020/7/29,27062308,60
78,29/7/2020 05:19:22.1,5:19:22,20,81.4,-61.4,7000,-5000,2020/7/29,27062362,54
79,29/7/2020 05:20:25.24,5:20:25,20,75.7,-55.7,7000,-5000,2020/7/29,27062425,63
80,29/7/2020 05:21:28.52,5:21:28,20,80.0,-60.0,7000,-5000,2020/7/29,27062488,63
81,29/7/2020 05:22:40.15,5:22:40,20,78.6,-58.6,7000,-5500,2020/7/29,27062560,72
82,29/7/2020 05:24:40.44,5:24:40,20,80.0,-60.0,7000,-6000,2020/7/29,27062680,120
83,29/7/2020 05:25:07.19,5:25:07,20,74.3,-54.3,7000,-6000,2020/7/29,27062707,27
84,29/7/2020 05:25:43.31,5:25:43,20,80.0,-60.0,7000,-6000,2020/7/29,27062743,36
85,29/7/2020 05:27:40.5,5:27:40,20,78.6,-58.6,7000,-6000,2020/7/29,27062860,117
86,29/7/2020 05:28:43.35,5:28:43,20,74.3,-54.3,7000,-6000,2020/7/29,27062923,63
87,29/7/2020 05:29:55.56,5:29:55,20,70.1,-50.1,7000,-6000,2020/7/29,27062995,72
88,29/7/2020 05:31:54.19,5:31:54,20,71.5,-51.5,7000,-5000,2020/7/29,27063114,119
89,29/7/2020 05:32:21.07,5:32:21,20,68.7,-48.7,7000,-5000,2020/7/29,27063141,27
90,29/7/2020 05:32:57.3,5:32:57,20,71.5,-51.5,7000,-5000,2020/7/29,27063177,36
91,29/7/2020 05:33:51.45,5:33:51,20,65.9,-45.9,7000,-5000,2020/7/29,27063231,54
92,29/7/2020 05:34:54.21,5:34:54,20,71.5,-51.5,7000,-5000,2020/7/29,27063294,63
93,29/7/2020 05:35:57.48,5:35:57,20,70.1,-50.1,7000,-5000,2020/7/29,27063357,63
94,29/7/2020 05:37:10.48,5:37:10,20,68.7,-48.7,7000,-5000,2020/7/29,27063430,73
95,29/7/2020 05:39:10.01,5:39:10,20,68.7,-48.7,7000,-5000,2020/7/29,27063550,120
96,29/7/2020 05:39:37.27,5:39:37,20,74.3,-54.3,7000,-5000,2020/7/29,27063577,27
97,29/7/2020 05:40:13.42,5:40:13,20,70.1,-50.1,7000,-5000,2020/7/29,27063613,36
98,29/7/2020 05:41:07.5,5:41:07,20,71.5,-51.5,7000,-5000,2020/7/29,27063667,54
99,29/7/2020 05:42:10.12,5:42:10,20,71.5,-51.5,7000,-5000,2020/7/29,27063730,63
100,29/7/2020 05:43:13.35,5:43:13,20,70.1,-50.1,7000,-5000,2020/7/29,27063793,63
101,29/7/2020 05:44:25.02,5:44:25,20,68.7,-48.7,7000,-5000,2020/7/29,27063865,72
102,29/7/2020 05:46:25.43,5:46:25,20,71.5,-51.5,8000,-6000,2020/7/29,27063985,120
103,29/7/2020 05:47:28.67,5:47:28,20,68.7,-48.7,8000,-6000,2020/7/29,27064048,63
104,29/7/2020 05:48:22.3,5:48:22,20,70.1,-50.1,8000,-6000,2020/7/29,27064102,54
105,29/7/2020 05:49:25.41,5:49:25,20,67.3,-47.3,8000,-6000,2020/7/29,27064165,63
106,29/7/2020 05:50:28.39,5:50:28,20,61.6,-41.6,8000,-6000,2020/7/29,27064228,63
107,29/7/2020 05:51:40.54,5:51:40,20,57.4,-37.4,8000,-6000,2020/7/29,27064300,72
108,29/7/2020 05:53:40.12,5:53:40,20,53.2,-33.2,8000,-6000,2020/7/29,27064420,120
109,29/7/2020 05:54:07.42,5:54:07,20,51.7,-31.7,8000,-6000,2020/7/29,27064447,27
110,29/7/2020 05:54:43.56,5:54:43,20,53.2,-33.2,8000,-6000,2020/7/29,27064483,36
111,29/7/2020 05:56:40.32,5:56:40,20,51.7,-31.7,8000,-6000,2020/7/29,27064600,117
112,29/7/2020 05:57:43.09,5:57:43,20,54.6,-34.6,8000,-6000,2020/7/29,27064663,63
113,29/7/2020 05:58:54.27,5:58:54,20,46.1,-26.1,8000,-6000,2020/7/29,27064734,71
114,29/7/2020 06:00:55.21,6:00:55,20,53.2,-33.2,8000,-6000,2020/7/29,27064855,121
115,29/7/2020 06:01:22.11,6:01:22,20,40.5,-20.5,8000,-6000,2020/7/29,27064882,27
116,29/7/2020 06:01:58.37,6:01:58,20,50.3,-30.3,8000,-6000,2020/7/29,27064918,36
117,29/7/2020 06:02:52.39,6:02:52,20,41.9,-21.9,8000,-6000,2020/7/29,27064972,54
118,29/7/2020 06:03:55.09,6:03:55,20,48.9,-28.9,8000,-6000,2020/7/29,27065035,63
119,29/7/2020 06:04:58.24,6:04:58,20,40.5,-20.5,8000,-6000,2020/7/29,27065098,63
120,29/7/2020 06:06:10.56,6:06:10,20,43.3,-23.3,8000,-6000,2020/7/29,27065170,72
121,29/7/2020 06:08:10.29,6:08:10,20,43.3,-23.3,8000,-6000,2020/7/29,27065290,120
122,29/7/2020 06:08:37.58,6:08:37,20,36.2,-16.2,8000,-6000,2020/7/29,27065317,27
123,29/7/2020 06:10:07.27,6:10:07,20,40.5,-20.5,8000,-5000,2020/7/29,27065407,90
124,29/7/2020 06:11:10.66,6:11:10,20,37.6,-17.6,8000,-5000,2020/7/29,27065470,63
125,29/7/2020 06:12:13.02,6:12:13,20,33.4,-13.4,8000,-5000,2020/7/29,27065533,63
126,29/7/2020 06:13:25.47,6:13:25,20,30.6,-10.6,8000,-5000,2020/7/29,27065605,72
127,29/7/2020 06:15:25.19,6:15:25,20,36.2,-16.2,8000,-5000,2020/7/29,27065725,120
128,29/7/2020 06:16:28.37,6:16:28,20,37.6,-17.6,8000,-5000,2020/7/29,27065788,63
129,29/7/2020 06:17:22,6:17:22,20,30.6,-10.6,8000,-5000,2020/7/29,27065842,54
130,29/7/2020 06:18:25.12,6:18:25,20,32.0,-12.0,8000,-5000,2020/7/29,27065905,63
131,29/7/2020 06:19:28.32,6:19:28,20,41.9,-21.9,8000,-5000,2020/7/29,27065968,63
132,29/7/2020 06:20:40.16,6:20:40,20,32.0,-12.0,8000,-5000,2020/7/29,27066040,72
133,29/7/2020 06:22:41.18,6:22:41,20,30.6,-10.6,8000,-5000,2020/7/29,27066161,121
134,29/7/2020 06:23:07.16,6:23:07,20,43.3,-23.3,8000,-5000,2020/7/29,27066187,26
135,29/7/2020 06:24:11.55,6:24:11,20,43.3,-23.3,8000,-5000,2020/7/29,27066251,64
136,29/7/2020 06:25:41,6:25:41,20,43.3,-23.3,8000,-5000,2020/7/29,27066341,90
137,29/7/2020 06:26:43.21,6:26:43,20,39.0,-19.0,8000,-5000,2020/7/29,27066403,62
138,29/7/2020 06:27:55.06,6:27:55,20,40.5,-20.5,8000,-5000,2020/7/29,27066475,72
139,29/7/2020 06:28:22.53,6:28:22,20,46.1,-26.1,8000,-5000,2020/7/29,27066502,27
140,29/7/2020 06:30:22.46,6:30:22,20,46.1,-26.1,8000,-5000,2020/7/29,27066622,120
141,29/7/2020 06:30:58.01,6:30:58,20,53.2,-33.2,8000,-5000,2020/7/29,27066658,36
142,29/7/2020 06:31:52.38,6:31:52,20,41.9,-21.9,8000,-5000,2020/7/29,27066712,54
143,29/7/2020 06:32:19.26,6:32:19,20,40.5,-20.5,8000,-5000,2020/7/29,27066739,27
144,29/7/2020 06:33:22.42,6:33:22,20,48.9,-28.9,8000,-5000,2020/7/29,27066802,63
145,29/7/2020 06:34:25.15,6:34:25,20,51.7,-31.7,8000,-5000,2020/7/29,27066865,63
146,29/7/2020 06:35:37.21,6:35:37,20,51.7,-31.7,8000,-5000,2020/7/29,27066937,72
147,29/7/2020 06:37:10.01,6:37:10,20,57.4,-37.4,8000,-5000,2020/7/29,27067030,93
148,29/7/2020 06:38:13.36,6:38:13,20,57.4,-37.4,8000,-5000,2020/7/29,27067093,63
149,29/7/2020 06:39:07.67,6:39:07,20,47.5,-27.5,8000,-5000,2020/7/29,27067147,54
150,29/7/2020 06:40:10.19,6:40:10,20,48.9,-28.9,9000,-6500,2020/7/29,27067210,63
151,29/7/2020 06:41:13.44,6:41:13,20,57.4,-37.4,9000,-6500,2020/7/29,27067273,63
152,29/7/2020 06:42:25.03,6:42:25,20,51.7,-31.7,9000,-6500,2020/7/29,27067345,72
153,29/7/2020 06:44:25.43,6:44:25,20,60.2,-40.2,9000,-6500,2020/7/29,27067465,120
154,29/7/2020 06:44:52.05,6:44:52,20,51.7,-31.7,9000,-6500,2020/7/29,27067492,27
155,29/7/2020 06:45:28.61,6:45:28,20,47.5,-27.5,9000,-6500,2020/7/29,27067528,36
156,29/7/2020 06:46:22.2,6:46:22,20,57.4,-37.4,9000,-6500,2020/7/29,27067582,54
157,29/7/2020 06:47:26.11,6:47:26,20,51.7,-31.7,9000,-6500,2020/7/29,27067646,64
158,29/7/2020 06:48:29.57,6:48:29,20,63.0,-43.0,9000,-6500,2020/7/29,27067709,63
159,29/7/2020 06:49:41.01,6:49:41,20,56.0,-36.0,9000,-6500,2020/7/29,27067781,72
