,ACTIME,TIME,TARSTF,SGTF,dif,TOR_P,TOR_N,DATE,ss2,time_interval
0,6/8/2020 22:30:58.03,22:30:58,20,48.3,-28.3,8000,-5000,2020/8/6,27815458,0
1,6/8/2020 22:32:02.78,22:32:02,20,46.9,-26.9,8000,-5000,2020/8/6,27815522,64
2,6/8/2020 22:33:04.42,22:33:04,20,48.3,-28.3,8000,-5000,2020/8/6,27815584,62
3,6/8/2020 22:34:16.34,22:34:16,20,51.2,-31.2,8000,-5000,2020/8/6,27815656,72
4,6/8/2020 22:36:16.43,22:36:16,20,51.2,-31.2,10000,-7500,2020/8/6,27815776,120
5,6/8/2020 22:36:44.29,22:36:44,20,46.9,-26.9,10000,-7500,2020/8/6,27815804,28
6,6/8/2020 22:37:19.24,22:37:19,20,48.3,-28.3,10000,-7500,2020/8/6,27815839,35
7,6/8/2020 22:38:12.13,22:38:12,20,46.9,-26.9,10000,-7500,2020/8/6,27815892,53
8,6/8/2020 22:39:16.8,22:39:16,20,45.5,-25.5,10000,-7500,2020/8/6,27815956,64
9,6/8/2020 22:40:18.01,22:40:18,20,41.3,-21.3,10000,-7500,2020/8/6,27816018,62
10,6/8/2020 22:41:31.42,22:41:31,20,34.2,-14.2,10000,-7000,2020/8/6,27816091,73
11,6/8/2020 22:43:30.37,22:43:30,20,37.1,-17.1,10000,-7000,2020/8/6,27816210,119
12,6/8/2020 22:43:57.25,22:43:57,20,32.8,-12.8,10000,-7000,2020/8/6,27816237,27
13,6/8/2020 22:44:34.35,22:44:34,20,31.4,-11.4,10000,-7000,2020/8/6,27816274,37
14,6/8/2020 22:45:01.42,22:45:01,20,35.6,-15.6,10000,-7000,2020/8/6,27816301,27
15,6/8/2020 22:46:31.54,22:46:31,20,35.6,-15.6,10000,-7000,2020/8/6,27816391,90
16,6/8/2020 22:46:58.22,22:46:58,20,38.5,-18.5,10000,0,2020/8/6,27816418,27
17,6/8/2020 22:48:01.27,22:48:01,20,39.9,-19.9,10000,0,2020/8/6,27816481,63
18,6/8/2020 22:49:13.53,22:49:13,20,39.9,-19.9,10000,-3000,2020/8/6,27816553,72
19,6/8/2020 22:50:46.19,22:50:46,20,41.3,-21.3,10000,0,2020/8/6,27816646,93
20,6/8/2020 22:51:49.19,22:51:49,20,46.9,-26.9,10000,-6000,2020/8/6,27816709,63
21,6/8/2020 22:52:43.87,22:52:43,20,48.3,-28.3,10000,-7000,2020/8/6,27816763,54
22,6/8/2020 22:55:16.91,22:55:16,20,48.3,-28.3,10000,-7000,2020/8/6,27816916,153
23,6/8/2020 22:56:02.1,22:56:02,20,38.5,-18.5,10000,-2000,2020/8/6,27816962,46
24,6/8/2020 22:58:01.16,22:58:01,20,42.7,-22.7,10000,-6000,2020/8/6,27817081,119
25,6/8/2020 22:58:28.57,22:58:28,20,48.3,-28.3,10000,-6000,2020/8/6,27817108,27
26,6/8/2020 22:59:58.56,22:59:58,20,44.1,-24.1,10000,-6000,2020/8/6,27817198,90
27,6/8/2020 23:01:01.38,23:01:01,20,45.5,-25.5,10000,-6000,2020/8/6,27817261,63
28,6/8/2020 23:02:04.5,23:02:04,20,44.1,-24.1,10000,-6000,2020/8/6,27817324,63
29,6/8/2020 23:03:22,23:03:22,20,44.1,-24.1,10000,-6000,2020/8/6,27817402,78
30,6/8/2020 23:05:16.59,23:05:16,20,45.5,-25.5,10000,-6000,2020/8/6,27817516,114
31,6/8/2020 23:05:43.61,23:05:43,20,38.5,-18.5,10000,-6000,2020/8/6,27817543,27
32,6/8/2020 23:06:20.16,23:06:20,20,42.7,-22.7,10000,-6000,2020/8/6,27817580,37
33,6/8/2020 23:07:14.18,23:07:14,20,39.9,-19.9,10000,-6000,2020/8/6,27817634,54
34,6/8/2020 23:08:17.16,23:08:17,20,38.5,-18.5,10000,-6000,2020/8/6,27817697,63
35,6/8/2020 23:09:20.51,23:09:20,20,38.5,-18.5,10000,-6000,2020/8/6,27817760,63
36,6/8/2020 23:10:31.04,23:10:31,20,41.3,-21.3,10000,-6000,2020/8/6,27817831,71
37,6/8/2020 23:12:31.2,23:12:31,20,41.3,-21.3,10000,-6000,2020/8/6,27817951,120
38,6/8/2020 23:12:59.24,23:12:59,20,42.7,-22.7,10000,-6000,2020/8/6,27817979,28
39,6/8/2020 23:14:28.42,23:14:28,20,44.1,-24.1,10000,-6000,2020/8/6,27818068,89
40,6/8/2020 23:15:31,23:15:31,20,42.7,-22.7,10000,-6000,2020/8/6,27818131,63
41,6/8/2020 23:16:34.04,23:16:34,20,48.3,-28.3,10000,-6000,2020/8/6,27818194,63
42,6/8/2020 23:17:46.56,23:17:46,20,44.1,-24.1,10000,-6000,2020/8/6,27818266,72
43,6/8/2020 23:19:46.03,23:19:46,20,45.5,-25.5,10000,-6000,2020/8/6,27818386,120
44,6/8/2020 23:20:13.11,23:20:13,20,42.7,-22.7,10000,-6000,2020/8/6,27818413,27
45,6/8/2020 23:22:46.84,23:22:46,20,44.1,-24.1,10000,-6000,2020/8/6,27818566,153
46,6/8/2020 23:23:49.84,23:23:49,20,44.1,-24.1,10000,-6000,2020/8/6,27818629,63
47,6/8/2020 23:25:01.16,23:25:01,20,45.5,-25.5,10000,-6000,2020/8/6,27818701,72
48,6/8/2020 23:27:01.21,23:27:01,20,45.5,-25.5,10000,-6000,2020/8/6,27818821,120
49,6/8/2020 23:27:28.01,23:27:28,20,48.3,-28.3,10000,-6000,2020/8/6,27818848,27
50,6/8/2020 23:28:04.12,23:28:04,20,51.2,-31.2,10000,-6000,2020/8/6,27818884,36
51,6/8/2020 23:28:58.11,23:28:58,20,49.8,-29.8,10000,-6000,2020/8/6,27818938,54
52,6/8/2020 23:30:01,23:30:01,20,49.8,-29.8,10000,-6000,2020/8/6,27819001,63
53,6/8/2020 23:31:04.54,23:31:04,20,55.4,-35.4,9800,-6000,2020/8/6,27819064,63
54,6/8/2020 23:32:16.25,23:32:16,20,54.0,-34.0,9800,-6000,2020/8/6,27819136,72
55,6/8/2020 23:34:17.25,23:34:17,20,51.2,-31.2,9800,-6000,2020/8/6,27819257,121
56,6/8/2020 23:34:44.25,23:34:44,20,58.2,-38.2,9800,-6000,2020/8/6,27819284,27
57,6/8/2020 23:37:16.18,23:37:16,20,58.2,-38.2,9800,-6000,2020/8/6,27819436,152
58,6/8/2020 23:38:20.48,23:38:20,20,55.4,-35.4,9600,-6000,2020/8/6,27819500,64
59,6/8/2020 23:39:31.12,23:39:31,20,59.6,-39.6,9400,-6000,2020/8/6,27819571,71
60,6/8/2020 23:41:31.01,23:41:31,20,52.6,-32.6,9400,-6000,2020/8/6,27819691,120
61,6/8/2020 23:41:58.03,23:41:58,20,58.2,-38.2,9400,-6000,2020/8/6,27819718,27
62,6/8/2020 23:42:34.42,23:42:34,20,62.5,-42.5,9200,-6000,2020/8/6,27819754,36
63,6/8/2020 23:43:28.4,23:43:28,20,65.3,-45.3,9200,-6000,2020/8/6,27819808,54
64,6/8/2020 23:44:31.08,23:44:31,20,65.3,-45.3,9200,-6000,2020/8/6,27819871,63
65,6/8/2020 23:45:34.34,23:45:34,20,66.7,-46.7,9200,-6000,2020/8/6,27819934,63
66,6/8/2020 23:46:47.69,23:46:47,20,68.1,-48.1,9000,-6000,2020/8/6,27820007,73
67,6/8/2020 23:48:47.56,23:48:47,20,68.1,-48.1,9000,-6000,2020/8/6,27820127,120
68,6/8/2020 23:50:23.95,23:50:23,20,68.1,-48.1,9000,-6000,2020/8/6,27820223,96
69,6/8/2020 23:51:47.01,23:51:47,20,72.3,-52.3,8800,-6000,2020/8/6,27820307,84
70,6/8/2020 23:52:50.12,23:52:50,20,72.3,-52.3,8800,-6000,2020/8/6,27820370,63
71,6/8/2020 23:53:17.24,23:53:17,20,73.8,-53.8,8600,-6000,2020/8/6,27820397,27
72,6/8/2020 23:54:28.36,23:54:28,20,73.8,-53.8,8600,-6000,2020/8/6,27820468,71
73,6/8/2020 23:56:01.13,23:56:01,20,70.9,-50.9,8600,-6000,2020/8/6,27820561,93
74,6/8/2020 23:57:31.3,23:57:31,20,72.3,-52.3,8200,-6000,2020/8/6,27820651,90
75,6/8/2020 23:58:26.25,23:58:26,20,78.0,-58.0,8200,-6000,2020/8/6,27820706,55
76,7/8/2020 00:00:05.51,0:00:05,20,78.0,-58.0,8200,-6000,2020/8/7,27820805,99
77,7/8/2020 00:01:17.35,0:01:17,20,76.6,-56.6,7700,-6000,2020/8/7,27820877,72
78,7/8/2020 00:03:17.22,0:03:17,20,78.0,-58.0,7200,-6000,2020/8/7,27820997,120
79,7/8/2020 00:03:44.11,0:03:44,20,73.8,-53.8,7200,-6000,2020/8/7,27821024,27
80,7/8/2020 00:04:21.46,0:04:21,20,76.6,-56.6,6700,-6000,2020/8/7,27821061,37
81,7/8/2020 00:06:17.32,0:06:17,20,78.0,-58.0,6500,-6000,2020/8/7,27821177,116
82,7/8/2020 00:07:20.47,0:07:20,20,80.8,-60.8,6500,-6000,2020/8/7,27821240,63
83,7/8/2020 00:08:31.24,0:08:31,20,82.2,-62.2,6500,-6000,2020/8/7,27821311,71
84,7/8/2020 00:10:31.54,0:10:31,20,82.2,-62.2,6500,-6000,2020/8/7,27821431,120
85,7/8/2020 00:10:58.36,0:10:58,20,79.4,-59.4,6500,-6000,2020/8/7,27821458,27
86,7/8/2020 00:11:34.35,0:11:34,20,80.8,-60.8,6500,-6000,2020/8/7,27821494,36
87,7/8/2020 00:13:32.02,0:13:32,20,80.8,-60.8,6500,-6000,2020/8/7,27821612,118
88,7/8/2020 00:14:35.78,0:14:35,20,80.8,-60.8,6500,-6000,2020/8/7,27821675,63
89,7/8/2020 00:15:47.12,0:15:47,20,83.6,-63.6,6500,-6000,2020/8/7,27821747,72
90,7/8/2020 00:17:46.72,0:17:46,20,83.6,-63.6,6500,-6000,2020/8/7,27821866,119
91,7/8/2020 00:18:13.86,0:18:13,20,82.2,-62.2,6500,-6000,2020/8/7,27821893,27
92,7/8/2020 00:18:49.97,0:18:49,20,83.6,-63.6,6500,-6000,2020/8/7,27821929,36
93,7/8/2020 00:19:45.93,0:19:45,20,85.1,-65.1,6500,-6000,2020/8/7,27821985,56
94,7/8/2020 00:20:47.43,0:20:47,20,85.1,-65.1,6500,-6000,2020/8/7,27822047,62
95,7/8/2020 00:21:49.1,0:21:49,20,85.1,-65.1,6500,-6000,2020/8/7,27822109,62
96,7/8/2020 00:22:16.2,0:22:16,20,82.2,-62.2,6500,-6000,2020/8/7,27822136,27
97,7/8/2020 00:23:29.42,0:23:29,20,82.2,-62.2,6500,-6000,2020/8/7,27822209,73
98,7/8/2020 00:25:02.42,0:25:02,20,83.6,-63.6,6500,-6000,2020/8/7,27822302,93
99,7/8/2020 00:25:30.07,0:25:30,20,82.2,-62.2,6500,-6000,2020/8/7,27822330,28
100,7/8/2020 00:26:59.31,0:26:59,20,83.6,-63.6,6500,-6000,2020/8/7,27822419,89
101,7/8/2020 00:28:02.27,0:28:02,20,83.6,-63.6,6500,-6000,2020/8/7,27822482,63
102,7/8/2020 00:29:05.36,0:29:05,20,83.6,-63.6,6500,-6000,2020/8/7,27822545,63
103,7/8/2020 00:30:17.35,0:30:17,20,85.1,-65.1,6500,-6000,2020/8/7,27822617,72
104,7/8/2020 00:32:17.55,0:32:17,20,85.1,-65.1,6500,-6000,2020/8/7,27822737,120
105,7/8/2020 00:32:44.37,0:32:44,20,80.8,-60.8,6500,-6000,2020/8/7,27822764,27
106,7/8/2020 00:33:20.04,0:33:20,20,82.2,-62.2,6500,-6000,2020/8/7,27822800,36
107,7/8/2020 00:35:17.33,0:35:17,20,82.2,-62.2,6500,-6000,2020/8/7,27822917,117
108,7/8/2020 00:36:19.24,0:36:19,20,80.8,-60.8,6500,-6000,2020/8/7,27822979,62
109,7/8/2020 00:37:32.06,0:37:32,20,79.4,-59.4,6500,-6000,2020/8/7,27823052,73
110,7/8/2020 00:39:33.17,0:39:33,20,78.0,-58.0,6500,-6000,2020/8/7,27823173,121
111,7/8/2020 00:39:58.47,0:39:58,20,75.2,-55.2,6500,-6000,2020/8/7,27823198,25
112,7/8/2020 00:40:35.57,0:40:35,20,73.8,-53.8,6500,-6000,2020/8/7,27823235,37
113,7/8/2020 00:41:28.93,0:41:28,20,72.3,-52.3,6500,-6000,2020/8/7,27823288,53
114,7/8/2020 00:41:55.33,0:41:55,20,70.9,-50.9,6500,-6000,2020/8/7,27823315,27
115,7/8/2020 00:43:35.33,0:43:35,20,69.5,-49.5,6500,-6000,2020/8/7,27823415,100
116,7/8/2020 00:44:47.01,0:44:47,20,72.3,-52.3,6500,-6000,2020/8/7,27823487,72
117,7/8/2020 00:46:47.49,0:46:47,20,66.7,-46.7,6500,-6000,2020/8/7,27823607,120
118,7/8/2020 00:47:13.05,0:47:13,20,56.8,-36.8,6500,-6000,2020/8/7,27823633,26
119,7/8/2020 00:47:50.4,0:47:50,20,58.2,-38.2,6500,-6000,2020/8/7,27823670,37
120,7/8/2020 00:48:17.06,0:48:17,20,59.6,-39.6,6500,-6000,2020/8/7,27823697,27
121,7/8/2020 00:50:50.61,0:50:50,20,59.6,-39.6,6500,-6000,2020/8/7,27823850,153
122,7/8/2020 00:52:02.9,0:52:02,20,58.2,-38.2,6500,-6000,2020/8/7,27823922,72
123,7/8/2020 00:54:02.29,0:54:02,20,58.2,-38.2,6500,-6000,2020/8/7,27824042,120
124,7/8/2020 00:54:29.21,0:54:29,20,54.0,-34.0,6500,-6000,2020/8/7,27824069,27
125,7/8/2020 00:55:05.02,0:55:05,20,55.4,-35.4,6500,-6000,2020/8/7,27824105,36
126,7/8/2020 00:55:59.33,0:55:59,20,54.0,-34.0,6500,-6000,2020/8/7,27824159,54
127,7/8/2020 00:57:02.27,0:57:02,20,54.0,-34.0,6500,-6000,2020/8/7,27824222,63
128,7/8/2020 00:58:05.36,0:58:05,20,54.0,-34.0,6500,-6000,2020/8/7,27824285,63
129,7/8/2020 01:01:18.4,1:01:18,20,49.8,-29.8,6500,-6000,2020/8/7,27824478,193
130,7/8/2020 01:02:21.28,1:02:21,20,49.8,-29.8,6500,-6000,2020/8/7,27824541,63
131,7/8/2020 01:03:15.07,1:03:15,20,48.3,-28.3,6500,-6000,2020/8/7,27824595,54
132,7/8/2020 01:04:17.53,1:04:17,20,49.8,-29.8,6500,-6000,2020/8/7,27824657,62
133,7/8/2020 01:05:20.77,1:05:20,20,48.3,-28.3,6500,-6000,2020/8/7,27824720,63
134,7/8/2020 01:06:31.52,1:06:31,20,49.8,-29.8,6500,-6000,2020/8/7,27824791,71
135,7/8/2020 01:08:31.02,1:08:31,20,46.9,-26.9,6500,-6000,2020/8/7,27824911,120
136,7/8/2020 01:08:59.18,1:08:59,20,44.1,-24.1,6500,-6000,2020/8/7,27824939,28
137,7/8/2020 01:10:28.42,1:10:28,20,41.3,-21.3,6500,-6000,2020/8/7,27825028,89
138,7/8/2020 01:11:32.4,1:11:32,20,42.7,-22.7,6500,-6000,2020/8/7,27825092,64
139,7/8/2020 01:12:35.02,1:12:35,20,39.9,-19.9,6500,-6000,2020/8/7,27825155,63
140,7/8/2020 01:13:47.47,1:13:47,20,37.1,-17.1,6500,-6000,2020/8/7,27825227,72
141,7/8/2020 01:15:47.26,1:15:47,20,37.1,-17.1,6500,-6000,2020/8/7,27825347,120
142,7/8/2020 01:16:14.08,1:16:14,20,31.4,-11.4,6500,-6000,2020/8/7,27825374,27
143,7/8/2020 01:18:47.67,1:18:47,20,30.0,-10.0,6500,-6000,2020/8/7,27825527,153
144,7/8/2020 01:19:51.02,1:19:51,20,30.0,-10.0,6500,-6000,2020/8/7,27825591,64
145,7/8/2020 01:21:29.1,1:21:29,20,30.0,-10.0,6500,-6000,2020/8/7,27825689,98
146,7/8/2020 01:23:02.41,1:23:02,20,30.0,-10.0,6500,-6000,2020/8/7,27825782,93
147,7/8/2020 01:24:05.03,1:24:05,20,27.2,-7.2,6500,-6000,2020/8/7,27825845,63
148,7/8/2020 01:24:32.72,1:24:32,20,28.6,-8.6,6500,-6000,2020/8/7,27825872,27
149,7/8/2020 01:26:02.42,1:26:02,20,28.6,-8.6,6500,-6000,2020/8/7,27825962,90
150,7/8/2020 01:27:05.1,1:27:05,20,28.6,-8.6,6500,-6000,2020/8/7,27826025,63
151,7/8/2020 01:28:17.48,1:28:17,20,28.6,-8.6,6500,-6000,2020/8/7,27826097,72
152,7/8/2020 01:30:18.25,1:30:18,20,24.3,-4.3,6500,-6000,2020/8/7,27826218,121
153,7/8/2020 01:31:21.21,1:31:21,20,22.9,-2.9,6500,-6000,2020/8/7,27826281,63
154,7/8/2020 01:33:17.94,1:33:17,20,22.9,-2.9,6500,-6000,2020/8/7,27826397,116
155,7/8/2020 01:34:21.17,1:34:21,20,24.3,-4.3,6500,-6000,2020/8/7,27826461,64
156,7/8/2020 01:37:32.02,1:37:32,20,22.9,-2.9,6500,-6000,2020/8/7,27826652,191
157,7/8/2020 01:37:59.15,1:37:59,20,18.7,1.3,6500,-6000,2020/8/7,27826679,27
158,7/8/2020 01:40:32.76,1:40:32,20,15.9,4.1,6700,-3500,2020/8/7,27826832,153
159,7/8/2020 01:41:35.13,1:41:35,20,15.9,4.1,6700,-3500,2020/8/7,27826895,63
160,7/8/2020 01:42:47.19,1:42:47,20,17.3,2.7,6700,-3500,2020/8/7,27826967,72
161,7/8/2020 01:44:47.85,1:44:47,20,14.5,5.5,7100,-3500,2020/8/7,27827087,120
162,7/8/2020 01:45:14.53,1:45:14,20,11.6,8.4,7100,-3500,2020/8/7,27827114,27
163,7/8/2020 01:46:18.12,1:46:18,20,10.2,9.8,7300,-3500,2020/8/7,27827178,64
164,7/8/2020 01:47:12.5,1:47:12,20,7.4,12.6,7300,-3500,2020/8/7,27827232,54
165,7/8/2020 01:48:50.17,1:48:50,20,6.0,14.0,7500,-3500,2020/8/7,27827330,98
166,7/8/2020 01:50:02.34,1:50:02,20,358.9,21.1,7500,-3500,2020/8/7,27827402,72
167,7/8/2020 01:52:02.3,1:52:02,20,358.9,21.1,7500,-3500,2020/8/7,27827522,120
168,7/8/2020 01:52:29.31,1:52:29,20,354.7,25.3,7500,-3500,2020/8/7,27827549,27
169,7/8/2020 01:53:05.32,1:53:05,20,356.1,23.9,7500,-3500,2020/8/7,27827585,36
170,7/8/2020 01:53:59.07,1:53:59,20,354.7,25.3,7500,-3500,2020/8/7,27827639,54
171,7/8/2020 01:55:02.25,1:55:02,20,351.9,28.1,8000,-3500,2020/8/7,27827702,63
172,7/8/2020 01:56:06.01,1:56:06,20,356.1,23.9,8500,-3500,2020/8/7,27827766,64
173,7/8/2020 01:59:19.45,1:59:19,20,350.5,29.5,9000,-3500,2020/8/7,27827959,193
174,7/8/2020 01:59:45.39,1:59:45,20,343.4,36.6,9000,-3500,2020/8/7,27827985,26
175,7/8/2020 02:01:15.11,2:01:15,20,30.0,-10.0,9000,-3500,2020/8/7,27828075,90
