,state0,state1,state2,action,reward,state_0,state_1,state_2,a_loss
0,0.08101417733299868,-0.9967129491839952,-0.39231593607428095,2.0,-0.22385772081618752,0.03910055768444388,-0.9992352807966528,-0.8398506479622774,0.8366304636001587
1,0.03910055768444388,-0.9992352807966528,-0.8398506479622774,2.0,-0.24205962981861973,-0.025350611649187425,-0.9996786216024688,-1.289277108559767,0.8897796273231506
2,-0.025350611649187425,-0.9996786216024688,-1.289277108559767,2.0,-0.271791726584596,-0.11206920660824592,-0.9937004040102823,-1.7390360747616187,0.40194907784461975
3,-0.11206920660824592,-0.9937004040102823,-1.7390360747616187,2.0,-0.3139255165676334,-0.21971341775863942,-0.9755644592013475,-2.1843113777693306,0.4811335802078247
4,-0.21971341775863942,-0.9755644592013475,-2.1843113777693306,2.0,-0.369352194525531,-0.3450761677382675,-0.9385746845398458,-2.6159847221703414,0.5351397395133972
5,-0.3450761677382675,-0.9385746845398458,-2.6159847221703414,2.0,-0.43867137686059987,-0.48233271875019645,-0.8759880983341292,-3.0199157355752257,0.5596659183502197
6,-0.48233271875019645,-0.8759880983341292,-3.0199157355752257,2.0,-0.5217929901035857,-0.6226784241981385,-0.7824778463561273,-3.3769068093258223,0.9069268107414246
7,-0.6226784241981385,-0.7824778463561273,-3.3769068093258223,-1.7043724060058594,-0.617411270072276,-0.7727307266800675,-0.6347339789585043,-4.219421054993797,0.7201551795005798
8,-0.7727307266800675,-0.6347339789585043,-4.219421054993797,-2.0,-0.7806116208455304,-0.9056481122251372,-0.42403006594231657,-4.995471539212675,1.0479542016983032
9,-0.9056481122251372,-0.42403006594231657,-4.995471539212675,-2.0,-0.9809478203923907,-0.9876670099855455,-0.15656908183358717,-5.6134940886694125,0.4720577597618103
10,-0.9876670099855455,-0.15656908183358717,-5.6134940886694125,-2.0,-1.2061636022866735,-0.9896024770081222,0.14382954320788557,-6.0309209000446025,0.8518702983856201
11,-0.9896024770081222,0.14382954320788557,-6.0309209000446025,-2.0,-1.2624783409243492,-0.898048859668752,0.43989572133365207,-6.223048742638688,1.0913841724395752
12,-0.898048859668752,0.43989572133365207,-6.223048742638688,-2.0,-1.1091821036878717,-0.7212861565649941,0.6926371924374974,-6.193126951638448,0.8733454942703247
13,-0.7212861565649941,0.6926371924374974,-6.193126951638448,-2.0,-0.9487014583266837,-0.48553494175920664,0.874217261515056,-5.973649057310325,1.1227295398712158
14,-0.48553494175920664,0.874217261515056,-5.973649057310325,-1.9999843835830688,-0.7889581818495112,-0.2241549014500306,0.9745535286252506,-5.617983768711493,0.9692758917808533
15,-0.2241549014500306,0.9745535286252506,-5.617983768711493,-1.9998157024383545,-0.638892281059675,0.033270123294387714,0.9994463962094097,-5.187040977608309,0.44953373074531555
16,0.033270123294387714,0.9994463962094097,-5.187040977608309,-1.9938691854476929,-0.5058482867724429,0.26683079239490876,0.9637433933521439,-4.736536558268405,1.0888292789459229
17,0.26683079239490876,0.9637433933521439,-4.736536558268405,-1.5351935625076294,-0.3937637566950018,0.4638211364861214,0.885928864722627,-4.244008047630442,0.8871098756790161
18,0.4638211364861214,0.885928864722627,-4.244008047630442,1.2601878643035889,-0.29875651503809153,0.6066423484673129,0.7949748807642059,-3.390533219442933,0.6776867508888245
19,0.6066423484673129,0.7949748807642059,-3.390533219442933,-0.4097710847854614,-0.19942382877061143,0.7135964234203812,0.700557024432444,-2.855767721587598,1.2758172750473022
20,0.7135964234203812,0.700557024432444,-2.855767721587598,-0.7377775311470032,-0.14185371980532077,0.7935794485271591,0.608466645655561,-2.4410165829353154,0.8195674419403076
21,0.7935794485271591,0.608466645655561,-2.4410165829353154,-0.6526116728782654,-0.10241641725854438,0.852525024530181,0.5226864093792896,-2.0825583496253843,1.0450515747070312
22,0.852525024530181,0.5226864093792896,-2.0825583496253843,0.23476070165634155,-0.07362589830924976,0.8928182050140554,0.45041719860089724,-1.655329437342466,0.3283126950263977
23,0.8928182050140554,0.45041719860089724,-1.655329437342466,1.7892171144485474,-0.04955191239839658,0.915206665173502,0.40298481363693756,-1.0491339712245111,0.4979790151119232
24,0.915206665173502,0.40298481363693756,-1.0491339712245111,-1.999966025352478,-0.028610709394201277,0.9350375545305052,0.354548687231546,-1.0468902647996798,0.7002904415130615
25,0.9350375545305052,0.354548687231546,-1.0468902647996798,0.24279123544692993,-0.024101335733092068,0.9475857748033578,0.31950148574039544,-0.7445600640589809,0.8583146929740906
26,0.9475857748033578,0.31950148574039544,-0.7445600640589809,-1.999984860420227,-0.016519412836696674,0.9596738067974087,0.28111596281066975,-0.8049316788167185,1.0288498401641846
27,0.9596738067974087,0.28111596281066975,-0.8049316788167185,0.6995662450790405,-0.014648125323972739,0.9662616314549974,0.2575625352762445,-0.48915976994686017,0.6716322302818298
28,0.9662616314549974,0.2575625352762445,-0.48915976994686017,-2.0,-0.009578734210561012,0.9735067126130786,0.2286584363133728,-0.5959878684896769,0.9797244668006897
29,0.9735067126130786,0.2286584363133728,-0.5959878684896769,-1.8027138710021973,-0.009199213791405788,0.9808623056474349,0.19470268965784207,-0.694901121904977,0.4634653329849243
30,0.9808623056474349,0.19470268965784207,-0.694901121904977,1.9994219541549683,-0.009068454445947928,0.9832099168891165,0.18247810644265383,-0.2489608115383503,0.20754235982894897
31,0.9832099168891165,0.18247810644265383,-0.2489608115383503,-2.0,-0.004387270677028546,0.9867609189378628,0.16218165388509448,-0.41210223170636,0.7032449841499329
32,0.9867609189378628,0.16218165388509448,-0.41210223170636,-1.4490361213684082,-0.0045619324310228904,0.99056037379536,0.137077152970131,-0.5078214094978004,0.7949607968330383
33,0.99056037379536,0.137077152970131,-0.5078214094978004,1.9994627237319946,-0.004869513916321822,0.9912669951126772,0.13187018010256718,-0.10509413621040298,0.37115880846977234
34,0.9912669951126772,0.13187018010256718,-0.10509413621040298,-2.0,-0.0022595968681682374,0.9931696268276263,0.11667944269267552,-0.3061915011334777,0.36666277050971985
35,0.9931696268276263,0.11667944269267552,-0.3061915011334777,1.2125493288040161,-0.0024521925476773234,0.993382632886338,0.11485183794701341,-0.03679951979336871,0.6876784563064575
36,0.993382632886338,0.11485183794701341,-0.03679951979336871,-2.0,-0.0017384777021248541,0.9947440192632782,0.10239304732226145,-0.2506606413331087,0.9765418767929077
37,0.9947440192632782,0.10239304732226145,-0.2506606413331087,0.4266592860221863,-0.0016986296704000598,0.9952914879964078,0.09692705464366723,-0.10986696293808479,0.36801332235336304
38,0.9952914879964078,0.09692705464366723,-0.10986696293808479,-1.9997129440307617,-0.001463035014167185,0.9967838574587572,0.08013701709971498,-0.3371286135599487,0.802729070186615
39,0.9967838574587572,0.08013701709971498,-0.3371286135599487,1.9992142915725708,-0.002179816389188819,0.9966916248091306,0.08127610371649972,0.02285629300072306,0.20813262462615967
40,0.9966916248091306,0.08127610371649972,0.02285629300072306,-1.9999932050704956,-0.0010672615886051808,0.9975119174746977,0.07049804604350382,-0.2161856099724766,0.42041540145874023
41,0.9975119174746977,0.07049804604350382,-0.2161856099724766,1.9828583002090454,-0.0013583578773664195,0.9970167447854101,0.07718555964365637,0.13411666959150803,0.27481865882873535
42,0.9970167447854101,0.07718555964365637,0.13411666959150803,-2.0,-0.00117682075016052,0.9974189873496326,0.07180086123740631,-0.10799416067574977,0.39470502734184265
43,0.9974189873496326,0.07180086123740631,-0.10799416067574977,-1.9022940397262573,-0.0009949243860020746,0.9984940144777182,0.05486076058687313,-0.33948762070663374,0.5159727334976196
44,0.9984940144777182,0.05486076058687313,-0.33948762070663374,1.9998091459274292,-0.0018537148427220768,0.9984895418731865,0.054942103799128277,0.0016293216226354046,0.48530113697052
45,0.9984895418731865,0.054942103799128277,0.0016293216226354046,-1.9967039823532104,-0.0007008769316718996,0.9991123975239604,0.042123830712837255,-0.256669697881,0.33019959926605225
46,0.9991123975239604,0.042123830712837255,-0.256669697881,1.9993160963058472,-0.001236066586095434,0.9989478199675333,0.045861236159882336,0.07482058959950494,0.510610818862915
47,0.9989478199675333,0.045861236159882336,0.07482058959950494,-1.9993869066238403,-0.0006662089261298001,0.999339674882767,0.036334752031705345,-0.1906915192741595,0.7987324595451355
48,0.999339674882767,0.036334752031705345,-0.1906915192741595,1.9945666790008545,-0.0008935417392440393,0.999070046624537,0.04311660860556332,0.1357445465997476,0.43497103452682495
49,0.999070046624537,0.04311660860556332,0.1357445465997476,-1.9999194145202637,-0.0007702530951260564,0.9993326826790094,0.036526556497625456,-0.1319059091241196,1.0839585065841675
50,0.9993326826790094,0.036526556497625456,-0.1319059091241196,1.9658007621765137,-0.0006939072628630183,0.9989397645897726,0.04603636303325392,0.19035912257557647,1.2014521360397339
51,0.9989397645897726,0.04603636303325392,0.19035912257557647,-1.999995231628418,-0.0009744486107448492,0.9991056154494423,0.042284384557317437,-0.07511288989374587,1.4604392051696777
52,0.9991056154494423,0.042284384557317437,-0.07511288989374587,-0.5654821395874023,-0.0002673000478981035,0.999356170220348,0.0358781973142305,-0.12822192241386823,1.0495049953460693
53,0.999356170220348,0.0358781973142305,-0.12822192241386823,1.9441826343536377,-0.0006711730009766204,0.998969524153572,0.045386008993806445,0.19031412072485024,0.6182811856269836
54,0.998969524153572,0.045386008993806445,0.19031412072485024,-1.9999985694885254,-0.0009683246482994255,0.9991340420574532,0.04160728303957591,-0.0756461579530738,0.6127791404724121
55,0.9991340420574532,0.04160728303957591,-0.0756461579530738,-1.7285031080245972,-0.0005292123019640813,0.9996506556675595,0.02643041095818268,-0.30371616187708156,0.3869110345840454
56,0.9996506556675595,0.02643041095818268,-0.30371616187708156,1.9997475147247314,-0.0013922070170341015,0.9996290978113341,0.027233560341943457,0.016068773550265092,0.44521158933639526
57,0.9996290978113341,0.027233560341943457,0.016068773550265092,-1.9939632415771484,-0.00047435601951142036,0.9999004993262055,0.01410643283062655,-0.26260054242984965,0.4030815362930298
58,0.9999004993262055,0.01410643283062655,-0.26260054242984965,1.999576210975647,-0.0011093214159749504,0.9998638337609834,0.01650193736469896,0.047915713839467244,0.40245866775512695
59,0.9998638337609834,0.01650193736469896,0.047915713839467244,-1.9960541725158691,-0.0004486162481564979,0.999989662920489,0.004546872789833499,-0.23911595901438898,0.8731573224067688
60,0.999989662920489,0.004546872789833499,-0.23911595901438898,1.9994021654129028,-0.0009735927399235542,0.9999699137383641,0.00775703668217459,0.06420452038992153,0.6594194173812866
61,0.9999699137383641,0.00775703668217459,0.06420452038992153,-1.9961858987808228,-0.0004457153011343257,0.9999931062112476,-0.0037131563366607544,-0.22940558691557106,0.393237441778183
62,0.9999931062112476,-0.0037131563366607544,-0.22940558691557106,1.9993089437484741,-0.0009273716176706682,0.9999999462504683,-0.00032787049367120577,0.06770588739420441,1.3200812339782715
63,0.9999999462504683,-0.00032787049367120577,0.06770588739420441,-1.9946390390396118,-0.0004437101113909008,0.9999290212297757,-0.011914382168743303,-0.23173587133199086,0.511856198310852
64,0.9999290212297757,-0.011914382168743303,-0.23173587133199086,1.999463438987732,-0.000950996466985744,0.9999599286880557,-0.00895215159492793,0.059247857889611344,1.074485421180725
65,0.9999599286880557,-0.00895215159492793,0.059247857889611344,-1.9841108322143555,-0.0004367869820092117,0.9997751524036851,-0.0212048257759468,-0.245082880638738,0.5513768792152405
66,0.9997751524036851,-0.0212048257759468,-0.245082880638738,1.9997297525405884,-0.0010455192967201777,0.9998145749346609,-0.019256576752462576,0.03897296291039004,0.40449753403663635
67,0.9998145749346609,-0.019256576752462576,0.03897296291039004,-1.8141734600067139,-0.0003813976118857562,0.9994995747273542,-0.031632263906304164,-0.24759548865496406,0.8254576921463013
68,0.9994995747273542,-0.031632263906304164,-0.24759548865496406,1.9998449087142944,-0.0011130666290723565,0.9995438730605802,-0.03020009647426095,0.02865704972245192,0.5299286842346191
69,0.9995438730605802,-0.03020009647426095,0.02865704972245192,0.03629002720117569,-9.957628538248897e-05,0.9995609995247077,-0.029627828627279213,0.011450481446932472,0.6545521020889282
70,0.9995609995247077,-0.029627828627279213,0.011450481446932472,0.7913444638252258,-0.00015174026115421588,0.9997063321977674,-0.02423322850317573,0.10793127955025686,0.43707922101020813
71,0.9997063321977674,-0.02423322850317573,0.10793127955025686,-1.9906411170959473,-0.0005714932521251226,0.9993987925778877,-0.03467064167073075,-0.20883980939151717,0.23632296919822693
72,0.9993987925778877,-0.03467064167073075,-0.20883980939151717,1.9994819164276123,-0.0009561869879788871,0.9995063187859469,-0.03141844533017286,0.06507949681957656,0.3677554130554199
73,0.9995063187859469,-0.03141844533017286,0.06507949681957656,-1.7768324613571167,-0.00045681113655447297,0.9990895997519067,-0.04266112595296769,-0.22500920638162072,0.6628748774528503
74,0.9990895997519067,-0.04266112595296769,-0.22500920638162072,1.9998019933700562,-0.001088319914781831,0.9991789415605429,-0.04051472253333722,0.042965248159161834,0.7415722608566284
75,0.9991789415605429,-0.04051472253333722,0.042965248159161834,0.7568742632865906,-0.00023998015458116237,0.9994145427651497,-0.03421361877274564,0.1261103457521474,0.7041338682174683
76,0.9994145427651497,-0.03421361877274564,0.1261103457521474,-1.9763168096542358,-0.0006667238803627238,0.999031268909111,-0.04400595120948476,-0.19599738977554726,0.9706151485443115
77,0.999031268909111,-0.04400595120948476,-0.19599738977554726,1.9995367527008057,-0.000977741998120461,0.999181050244003,-0.04046268445482942,0.07092865972245993,0.3828043043613434
78,0.999181050244003,-0.04046268445482942,0.07092865972245993,-0.849885880947113,-0.0002863516608032549,0.9989958058977229,-0.04480379223636306,-0.0869012357607292,0.4030805826187134
79,0.9989958058977229,-0.04480379223636306,-0.0869012357607292,1.985546588897705,-0.0006706302164217846,0.9993537820759194,-0.035944655382349575,0.17732790839665416,0.5499727129936218
80,0.9993537820759194,-0.035944655382349575,0.17732790839665416,-1.9901281595230103,-0.0008397703872315213,0.9990601072208812,-0.04334630503054799,-0.14814980706855965,0.394074410200119
81,0.9990601072208812,-0.04334630503054799,-0.14814980706855965,1.9982612133026123,-0.0008067964508244489,0.9993004805885106,-0.03739718566378697,0.11907964615392111,0.4640175998210907
82,0.9993004805885106,-0.03739718566378697,0.11907964615392111,-1.7195137739181519,-0.0005773925794056035,0.9989536204693249,-0.04573471494639579,-0.166895309181642,0.6872332096099854
83,0.9989536204693249,-0.04573471494639579,-0.166895309181642,1.9993743896484375,-0.0008876026505930219,0.9991671760461713,-0.040803851679947524,0.09870981305582668,0.8735551238059998
84,0.9991671760461713,-0.040803851679947524,0.09870981305582668,0.12027773261070251,-0.00026547086099100074,0.9993336659724674,-0.03649964457400867,0.08614858418747133,0.5627942085266113
85,0.9993336659724674,-0.03649964457400867,0.08614858418747133,0.4002252221107483,-0.00022351541658785016,0.9995328542593823,-0.030562612062657053,0.11880763407357697,0.8837597966194153
86,0.9995328542593823,-0.030562612062657053,0.11880763407357697,-1.6448158025741577,-0.0005051308647826512,0.9992739320585763,-0.0380999830471327,-0.15083669535953953,0.652559757232666
87,0.9992739320585763,-0.0380999830471327,-0.15083669535953953,1.9989588260650635,-0.0007723318896766103,0.9994852371415858,-0.03208209369770118,0.1204321412648704,0.9207640290260315
88,0.9994852371415858,-0.03208209369770118,0.1204321412648704,-1.0115242004394531,-0.00035031853289274617,0.9993926084640024,-0.03484844541033691,-0.05535805907432356,0.819682776927948
89,0.9993926084640024,-0.03484844541033691,-0.05535805907432356,1.971421480178833,-0.0005407860189701636,0.9997085342413087,-0.024142215413963376,0.21421882889474864,0.35632064938545227
90,0.9997085342413087,-0.024142215413963376,0.21421882889474864,-1.9863702058792114,-0.0009117597097121745,0.9995726372700519,-0.02923256439304133,-0.1018433635476057,1.1382129192352295
91,0.9995726372700519,-0.02923256439304133,-0.1018433635476057,1.9936344623565674,-0.0005866571785834328,0.9997904383156891,-0.020471430153316414,0.1752773825110983,0.9623521566390991
92,0.9997904383156891,-0.020471430153316414,0.1752773825110983,-1.949488639831543,-0.0007291860046966036,0.999632876145888,-0.027094518417931025,-0.13249948607862055,0.48332929611206055
93,0.999632876145888,-0.027094518417931025,-0.13249948607862055,1.9977350234985352,-0.0006480849244486666,0.999804859726966,-0.019754555584522028,0.14683987863271136,0.2974337935447693
94,0.999804859726966,-0.019754555584522028,0.14683987863271136,-1.7700953483581543,-0.0005679725777936875,0.9996507384292168,-0.026427280562359413,-0.13349034030940343,1.0757908821105957
95,0.9996507384292168,-0.026427280562359413,-0.13349034030940343,1.9979277849197388,-0.0006472246335915233,0.9998173820020566,-0.019110275941324494,0.14637836700678775,0.6248669028282166
96,0.9998173820020566,-0.019110275941324494,0.14637836700678775,-1.710373878479004,-0.0005433288549813216,0.9996790363897736,-0.02533424960036792,-0.12451042172105631,0.330056756734848
97,0.9996790363897736,-0.02533424960036792,-0.12451042172105631,1.9972844123840332,-0.0006181391098273043,0.9998463029483717,-0.01753198449899044,0.15608155293627268,0.9690659046173096
98,0.9998463029483717,-0.01753198449899044,0.15608155293627268,-1.829195261001587,-0.0006089502397411018,0.9997094832765115,-0.024102884620107373,-0.13144672458820827,0.3806793689727783
99,0.9997094832765115,-0.024102884620107373,-0.13144672458820827,1.9977142810821533,-0.0006299748071815192,0.9998622471274193,-0.01659779410968019,0.1501332541090341,0.8932510614395142
100,0.9998622471274193,-0.01659779410968019,0.1501332541090341,-1.7919590473175049,-0.0005740628696878086,0.9997319580313363,-0.023151934926276558,-0.13110894857085187,0.2447371631860733
101,0.9997319580313363,-0.023151934926276558,-0.13110894857085187,1.9976011514663696,-0.0006245473887746995,0.9998783904703935,-0.01559500786582977,0.15116727295439608,0.5922464728355408
102,0.9998783904703935,-0.01559500786582977,0.15116727295439608,-1.8302658796310425,-0.0005878251620387241,0.999750269632542,-0.022347222862350156,-0.1350688648896327,0.3130112886428833
103,0.999750269632542,-0.022347222862350156,-0.1350688648896327,1.9977359771728516,-0.0006314790385467462,0.9998881382698976,-0.014956969852147447,0.14783111453953235,0.4675241708755493
104,0.9998881382698976,-0.014956969852147447,0.14783111453953235,-1.8245855569839478,-0.0005738243928699151,0.9997621441187099,-0.02180952056235735,-0.13707444639717048,0.8811275959014893
105,0.9997621441187099,-0.02180952056235735,-0.13707444639717048,1.9978312253952026,-0.0006346000612923008,0.999894889962747,-0.014498587047919327,0.14624309699034183,1.0897783041000366
106,0.999894889962747,-0.014498587047919327,0.14624309699034183,-1.8347632884979248,-0.0005715284423868274,0.9997690695709598,-0.02148970751819004,-0.13984533657028653,0.8384919166564941
107,0.9997690695709598,-0.02148970751819004,-0.13984533657028653,1.9980217218399048,-0.0006409641252452647,0.9998976948185426,-0.014303842021100934,0.14374064106705658,0.22221501171588898
108,0.9998976948185426,-0.014303842021100934,0.14374064106705658,-1.8501747846603394,-0.0005693897775023111,0.999768238443923,-0.02152833943282638,-0.14451345814782013,0.435604989528656
109,0.999768238443923,-0.02152833943282638,-0.14451345814782013,1.9982801675796509,-0.0006545078604459799,0.9998937736381547,-0.014575370995304905,0.13908231241450764,1.1030173301696777
110,0.9998937736381547,-0.014575370995304905,0.13908231241450764,-1.838517427444458,-0.0005526991778817594,0.9997589497406919,-0.02195546431730781,-0.14762682994863985,0.450680136680603
111,0.9997589497406919,-0.02195546431730781,-0.14762682994863985,1.9984089136123657,-0.0006655126166344188,0.9998848796023452,-0.01517325089107805,0.1356679088552341,0.8832582831382751
112,0.9998848796023452,-0.01517325089107805,0.1356679088552341,-1.855541467666626,-0.0005513857500559462,0.9997383558221191,-0.022874000482775683,-0.1540432494630684,0.40235021710395813
113,0.9997383558221191,-0.022874000482775683,-0.1540432494630684,1.9986929893493652,-0.0006891017112767812,0.9998647719363203,-0.01644499439739192,0.12860519857725455,0.5151160955429077
114,0.9998647719363203,-0.01644499439739192,0.12860519857725455,-1.8550916910171509,-0.0005365757115312735,0.9996987780017942,-0.024542886173379852,-0.16199230087336214,1.5224754810333252
115,0.9996987780017942,-0.024542886173379852,-0.16199230087336214,1.999031662940979,-0.0007222752387403943,0.9998275344718718,-0.01857151883659419,0.11945528393774973,0.7447582483291626
116,0.9998275344718718,-0.01857151883659419,0.11945528393774973,-1.8379156589508057,-0.0005149831426979935,0.999633342371018,-0.027077311907703922,-0.17016070403231687,0.8411017656326294
117,0.999633342371018,-0.027077311907703922,-0.17016070403231687,1.999291181564331,-0.0007625991823309978,0.999766526599997,-0.02160769053317388,0.10942498927155475,0.04725372791290283
118,0.999766526599997,-0.02160769053317388,0.10942498927155475,-1.8095227479934692,-0.0004938720374293929,0.999534306081899,-0.030515094058134046,-0.17820919082734615,0.47841203212738037
119,0.999534306081899,-0.030515094058134046,-0.17820919082734615,1.9994192123413086,-0.000810498889166926,0.9996728761544333,-0.025576174090800305,0.09881737048024952,0.5729600191116333
120,0.9996728761544333,-0.025576174090800305,0.09881737048024952,-1.7482354640960693,-0.00046870978730349387,0.9993977042642325,-0.03470199866552031,-0.18260007970226122,0.34261569380760193
121,0.9993977042642325,-0.03470199866552031,-0.18260007970226122,1.9994841814041138,-0.0008536928313423711,0.9995456990644087,-0.030139599895195702,0.09129604850921552,0.7547645568847656
122,0.9995456990644087,-0.030139599895195702,0.09129604850921552,-1.6688908338546753,-0.0004527364138628819,0.9992307481746886,-0.039216219887337,-0.18164227649038267,0.6572136878967285
123,0.9992307481746886,-0.039216219887337,-0.18164227649038267,1.999477505683899,-0.0008836002897148955,0.9993951352430815,-0.034775906206204625,0.08886718444669933,0.580816924571991
124,0.9993951352430815,-0.034775906206204625,0.08886718444669933,-1.6044747829437256,-0.000457392846355363,0.9990463019595289,-0.043663331766939734,-0.17788596264951306,1.3727867603302002
125,0.9990463019595289,-0.043663331766939734,-0.17788596264951306,1.99944007396698,-0.0009069801518214099,0.9992312652936818,-0.039203041458383596,0.08928254962032905,0.5043150186538696
126,0.9992312652936818,-0.039203041458383596,0.08928254962032905,-1.5287361145019531,-0.0004671837911830176,0.9988633049889794,-0.0476665285760692,-0.16943014864875172,0.643298864364624
127,0.9988633049889794,-0.0476665285760692,-0.16943014864875172,1.9993103742599487,-0.0009141720344226408,0.9990778432552343,-0.042935569362353515,0.09471651105818862,0.3514825999736786
128,0.9990778432552343,-0.042935569362353515,0.09471651105818862,-1.5034416913986206,-0.0005002055683083167,0.9986947381727695,-0.05107660859946891,-0.16300141967336973,0.6170759797096252
129,0.9986947381727695,-0.05107660859946891,-0.16300141967336973,1.9992413520812988,-0.0009265004020451596,0.9989343559477742,-0.0461535752375215,0.09857732668922337,0.5126625895500183
130,0.9989343559477742,-0.0461535752375215,0.09857732668922337,-1.3765090703964233,-0.0004998192899075063,0.9985801209878176,-0.05327046055700605,-0.14251421529838135,0.39422380924224854
131,0.9985801209878176,-0.05327046055700605,-0.14251421529838135,1.9986443519592285,-0.0008866039699563368,0.9988754459564237,-0.04741142758191858,0.11732959207774832,0.7165579199790955
132,0.9988754459564237,-0.04741142758191858,0.11732959207774832,-1.6165987253189087,-0.0006239544510624995,0.9984622030220065,-0.05543671289354553,-0.16071878740652704,0.5045701265335083
133,0.9984622030220065,-0.05543671289354553,-0.16071878740652704,1.9993796348571777,-0.0009656954339407157,0.998720871098709,-0.050563046109148815,0.09761062315189042,0.9233953952789307
134,0.998720871098709,-0.050563046109148815,0.09761062315189042,-0.20656825602054596,-0.0003554257198545867,0.9987924083651788,-0.04912967526949478,0.028703100166946827,0.8774349689483643
135,0.9987924083651788,-0.04912967526949478,0.028703100166946827,1.8933459520339966,-0.0006082815208758704,0.9993750214411119,-0.03534920818882901,0.2758577365199252,1.2836756706237793
136,0.9993750214411119,-0.03534920818882901,0.2758577365199252,-1.9996105432510376,-0.0012858278743349823,0.9992823976385695,-0.037877298870323074,-0.05059575110935233,0.7715352773666382
137,0.9992823976385695,-0.037877298870323074,-0.05059575110935233,1.9431476593017578,-0.0005467192235647321,0.9996283890538062,-0.02725956341712259,0.21246842363316892,0.6569713354110718
138,0.9996283890538062,-0.02725956341712259,0.21246842363316892,-1.999180555343628,-0.0009254273925495113,0.9994668530408235,-0.032649803562547985,-0.10785333223121735,0.22615307569503784
139,0.9994668530408235,-0.032649803562547985,-0.10785333223121735,1.990143060684204,-0.0006190292209713271,0.9997036369415004,-0.024344163282738147,0.16618077419950222,1.075957179069519
140,0.9997036369415004,-0.024344163282738147,0.16618077419950222,-1.996791958808899,-0.0007341538494452348,0.9994903965597961,-0.031920952127741674,-0.15159614208388633,0.4922415614128113
141,0.9994903965597961,-0.031920952127741674,-0.15159614208388633,1.99765145778656,-0.0007308043833664145,0.9996692376245752,-0.02571799656078904,0.12411086248829134,0.7848142385482788
142,0.9996692376245752,-0.02571799656078904,0.12411086248829134,-1.9696577787399292,-0.00060814636060925,0.9993787073917115,-0.035244846603039795,-0.19062630174328993,0.44836121797561646
143,0.9993787073917115,-0.035244846603039795,-0.19062630174328993,1.9995254278182983,-0.0008874654534191384,0.9995161632995171,-0.031103686325147817,0.08286887747717492,0.2941598892211914
144,0.9995161632995171,-0.031103686325147817,0.08286887747717492,-1.3354823589324951,-0.0003437989660139035,0.999272462220948,-0.038138513957467375,-0.14078124110656032,0.7895978689193726
145,0.999272462220948,-0.038138513957467375,-0.14078124110656032,1.9980266094207764,-0.0007429298146119624,0.9994997556163346,-0.031626547754811586,0.1303188648384555,0.6963262557983398
146,0.9994997556163346,-0.031626547754811586,0.1303188648384555,-1.8786768913269043,-0.000622829970855853,0.9991843560318593,-0.04038096904729483,-0.1752025796766889,0.7653347253799438
147,0.9991843560318593,-0.04038096904729483,-0.1752025796766889,1.999472737312317,-0.0008698995362680366,0.9993638815433395,-0.035662757417646795,0.09443260413468746,0.47670692205429077
148,0.9993638815433395,-0.035662757417646795,0.09443260413468746,-0.850736677646637,-0.0002887876385495208,0.9992525413345514,-0.03865693516615949,-0.059924965575543276,0.7436891198158264
149,0.9992525413345514,-0.03865693516615949,-0.059924965575543276,1.9715756177902222,-0.0005741314166099661,0.9995988560020265,-0.028321848093653065,0.20681867571837037,1.6739596128463745
150,0.9995988560020265,-0.028321848093653065,0.20681867571837037,-1.9946320056915283,-0.0009058294941240421,0.9994218343155085,-0.03399995725621343,-0.11361751120559876,0.22848975658416748
151,0.9994218343155085,-0.03399995725621343,-0.11361751120559876,1.9947553873062134,-0.0006426385751794371,0.9996619743274175,-0.0259987900451055,0.1600958289481731,0.20641875267028809
152,0.9996619743274175,-0.0259987900451055,0.1600958289481731,-1.9797660112380981,-0.0007158630339630689,0.9994281539764525,-0.033813681243255525,-0.15636816527137087,0.7965714931488037
153,0.9994281539764525,-0.033813681243255525,-0.15636816527137087,1.998620629310608,-0.0007583385797284558,0.9996103488020505,-0.027913268669987928,0.11806466819277855,0.6101235151290894
154,0.9996103488020505,-0.027913268669987928,0.11806466819277855,-1.8113987445831299,-0.0005454445009934781,0.9993286141661605,-0.036637697918143544,-0.17458009499718197,0.01814192160964012
155,0.9993286141661605,-0.036637697918143544,-0.17458009499718197,1.999437928199768,-0.0008388494933211152,0.9994959147901712,-0.03174769783399915,0.09785732079417553,0.4762166738510132
156,0.9994959147901712,-0.03174769783399915,0.09785732079417553,-0.9578728675842285,-0.0002883381085433606,0.9993793203238299,-0.03522746242748327,-0.06963438271895822,0.6123791933059692
157,0.9993793203238299,-0.03522746242748327,-0.06963438271895822,1.9796222448349,-0.0005645286745929214,0.9996827402958528,-0.025187670685764458,0.20088835718566422,0.5667260885238647
158,0.9996827402958528,-0.025187670685764458,0.20088835718566422,-1.9921462535858154,-0.0008638812863324679,0.9995185600447142,-0.031026571292058155,-0.11682433386653157,0.5011394023895264
159,0.9995185600447142,-0.031026571292058155,-0.11682433386653157,1.9953625202178955,-0.0006309221267395443,0.9997338752318013,-0.023068998981428605,0.15921011569710902,0.561770498752594
160,0.9997338752318013,-0.023068998981428605,0.15921011569710902,-1.9749308824539185,-0.0006967411230035879,0.9995260990040366,-0.03078274532547135,-0.15433126590705032,0.4181857407093048
161,0.9995260990040366,-0.03078274532547135,-0.15433126590705032,1.9985291957855225,-0.0007323809772161065,0.9996957219310014,-0.02466705399624869,0.12236105446667445,0.9137849807739258
162,0.9996957219310014,-0.02466705399624869,0.12236105446667445,-1.8426494598388672,-0.0005501166799080064,0.9994457264527983,-0.033290236935750186,-0.17253665500634224,0.731654167175293
163,0.9994457264527983,-0.033290236935750186,-0.17253665500634224,1.999359130859375,-0.0008082976182159421,0.9996030711625027,-0.02817268397743668,0.10239953692075132,0.9380072355270386
164,0.9996030711625027,-0.02817268397743668,0.10239953692075132,-1.3525108098983765,-0.00036717622051052063,0.9994132951944182,-0.03425004216982382,-0.12160659754708278,0.5465582609176636
165,0.9994132951944182,-0.03425004216982382,-0.12160659754708278,1.9966740608215332,-0.0006639048131817073,0.9996450058764059,-0.02664323978724166,0.15220697994877927,0.5831652283668518
166,0.9996450058764059,-0.02664323978724166,0.15220697994877927,-1.9537556171417236,-0.0006843887744133545,0.9993984201171567,-0.03468137637596043,-0.16083879246291063,0.44827789068222046
167,0.9993984201171567,-0.03468137637596043,-0.16083879246291063,1.9989640712738037,-0.0007786049492163709,0.9995784096762081,-0.02903451238065655,0.11299478594618947,0.7722387313842773
168,0.9995784096762081,-0.02903451238065655,0.11299478594618947,-1.7751774787902832,-0.0005271277146685672,0.9992859870314311,-0.03778248433624378,-0.17505772015784551,0.6759815216064453
169,0.9992859870314311,-0.03778248433624378,-0.17505772015784551,1.9993674755096436,-0.0008490186748487208,0.9994566721990256,-0.03295998174832021,0.09651053791641809,0.4830041527748108
170,0.9994566721990256,-0.03295998174832021,0.09651053791641809,-1.5328843593597412,-0.0004367916869969719,0.9991648128666804,-0.04086167800141784,-0.15814210229878337,1.3365662097930908
171,0.9991648128666804,-0.04086167800141784,-0.15814210229878337,1.9988646507263184,-0.0008166959174824553,0.9993762786575808,-0.035313646887930275,0.11104133680910092,1.082722544670105
172,0.9993762786575808,-0.035313646887930275,0.11104133680910092,-1.7800941467285156,-0.0005649325401767898,0.9990125328034701,-0.04442926177189448,-0.1824580203661242,1.0205600261688232
173,0.9990125328034701,-0.04442926177189448,-0.1824580203661242,1.9995421171188354,-0.0009302521106888111,0.9991906283133098,-0.04022546818687161,0.08415135087278017,0.6708729267120361
174,0.9991906283133098,-0.04022546818687161,0.08415135087278017,-0.9740610122680664,-0.0003275901622356347,0.9989947359780048,-0.04482764201066553,-0.09212690210758359,0.491030216217041
175,0.9989947359780048,-0.04482764201066553,-0.09212690210758359,1.990912675857544,-0.0006823334878321792,0.9993449164807795,-0.036190301242513816,0.17288926776304878,0.28795701265335083
176,0.9993449164807795,-0.036190301242513816,0.17288926776304878,-1.990030288696289,-0.0008259600548933349,0.9990393517547497,-0.043822068018860176,-0.15275800147328003,0.7104198336601257
177,0.9990393517547497,-0.043822068018860176,-0.15275800147328003,1.9985847473144531,-0.0008249445877953766,0.9992732178444905,-0.03811871061194604,0.11416315960974274,0.7397322654724121
178,0.9992732178444905,-0.03811871061194604,0.11416315960974274,-1.8550344705581665,-0.0006198216004085037,0.9988596124835634,-0.047743843050026824,-0.19268104393294186,0.8895161151885986
179,0.9988596124835634,-0.047743843050026824,-0.19268104393294186,1.9997094869613647,-0.0009992645160663408,0.9990238415517771,-0.04417424601653836,0.07146749682374268,0.6846604347229004
180,0.9990238415517771,-0.04417424601653836,0.07146749682374268,0.6828462481498718,-0.00029296739164293834,0.999310001848237,-0.03714189287147939,0.1407637495338196,0.8993778824806213
181,0.999310001848237,-0.03714189287147939,0.1407637495338196,-1.9553560018539429,-0.0007185015444150988,0.9989343437306251,-0.046153839661130756,-0.18039607039788152,0.8828306198120117
182,0.9989343437306251,-0.046153839661130756,-0.18039607039788152,1.9995357990264893,-0.0009384108820541688,0.9991213054427621,-0.041912015107255306,0.08491891971024373,0.4707602262496948
183,0.9991213054427621,-0.041912015107255306,0.08491891971024373,-0.30145639181137085,-0.0002569644791479934,0.9991385432776327,-0.04149905224279279,0.008266449608096527,0.8885526657104492
184,0.9991385432776327,-0.04149905224279279,0.008266449608096527,1.9162874221801758,-0.0005402151774122853,0.9996000991184115,-0.02827793914807032,0.2645852737530282,0.9104868173599243
185,0.9996000991184115,-0.02827793914807032,0.2645852737530282,-1.9996793270111084,-0.001179910919533959,0.9995161085701875,-0.031105445000984208,-0.056575079659690886,0.39501336216926575
186,0.9995161085701875,-0.031105445000984208,-0.056575079659690886,1.9433592557907104,-0.0005064580080920858,0.9997892571607365,-0.020529034706546913,0.21159972495817747,1.0801221132278442
187,0.9997892571607365,-0.020529034706546913,0.21159972495817747,-1.9994785785675049,-0.000889685942992834,0.9996693511241622,-0.025713584405844137,-0.10371883785685859,0.9313830137252808
188,0.9996693511241622,-0.025713584405844137,-0.10371883785685859,1.985330581665039,-0.0005678631448914404,0.9998559002947961,-0.01697582533141717,0.17479556108851407,0.39326679706573486
189,0.9998559002947961,-0.01697582533141717,0.17479556108851407,-1.998704433441162,-0.0007338374562131033,0.999715274482706,-0.023861474513694744,-0.13774197292622326,0.3911832571029663
190,0.999715274482706,-0.023861474513694744,-0.13774197292622326,1.9951666593551636,-0.0006447453168676547,0.9998608604426518,-0.016681119713018073,0.14363692009178014,0.627803385257721
191,0.9998608604426518,-0.016681119713018073,0.14363692009178014,-1.9934720993041992,-0.0006315373060257594,0.9996855977862487,-0.025074002048948132,-0.16789473458861343,1.1244573593139648
192,0.9996855977862487,-0.025074002048948132,-0.16789473458861343,1.9983079433441162,-0.0007440936206539762,0.9998113535872502,-0.019423110925663067,0.1130459553762928,0.742721676826477
193,0.9998113535872502,-0.019423110925663067,0.1130459553762928,-1.9224162101745605,-0.0005350927576421932,0.9995818886574672,-0.028914492351947412,-0.18988380934413868,0.2835530638694763
194,0.9995818886574672,-0.028914492351947412,-0.18988380934413868,1.9994479417800903,-0.0008439659140921301,0.9996998619074948,-0.024498695927246808,0.08834751265891427,0.516353189945221
195,0.9996998619074948,-0.024498695927246808,0.08834751265891427,-0.5917569398880005,-0.00017310107902460017,0.9996764041244868,-0.025437905510001142,-0.018790050269721012,0.6747223734855652
196,0.9996764041244868,-0.025437905510001142,-0.018790050269721012,1.928228497505188,-0.00044005983963072597,0.9999171523183684,-0.012872004487445642,0.25136579522355623,0.6343549489974976
197,0.9999171523183684,-0.012872004487445642,0.25136579522355623,-1.9993879795074463,-0.001048172624466246,0.9998754639786359,-0.01578152506912588,-0.05819640506814505,1.066801905632019
198,0.9998754639786359,-0.01578152506912588,-0.05819640506814505,1.938533902168274,-0.00043456730587812883,0.9999887434414576,-0.004744785598381824,0.22074753645525158,0.8426175117492676
199,0.9999887434414576,-0.004744785598381824,0.22074753645525158,-1.9995516538619995,-0.0008893667460890076,0.999960555355556,-0.008881876660258062,-0.08274380082283483,0.4238895773887634
