,ACTIME,TIME,TARSTF,SGTF,TOR_P,TOR_N,DATE,ss2,time_interval
0,25/9/2019 05:07:12,05:07:12,280,328.4,3000,-5000,2019/9/25,450432,0
1,25/9/2019 05:07:33,05:07:33,280,317.2,3000,-5000,2019/9/25,450453,21
2,25/9/2019 05:08:06,05:08:06,280,311.6,3000,-5000,2019/9/25,450486,33
3,25/9/2019 05:08:43,05:08:43,280,300.3,3000,-5000,2019/9/25,450523,37
4,25/9/2019 05:09:00,05:09:00,280,294.7,3000,-5000,2019/9/25,450540,17
5,25/9/2019 05:10:17,05:10:17,280,289.1,4000,-3500,2019/9/25,450617,77
6,25/9/2019 05:11:52,05:11:52,280,272.2,4000,-3500,2019/9/25,450712,95
7,25/9/2019 05:14:16,05:14:16,280,266.6,4000,-3500,2019/9/25,450856,144
8,25/9/2019 05:16:18,05:16:18,280,260.9,4000,-3500,2019/9/25,450978,122
9,25/9/2019 05:18:01,05:18:01,280,255.3,4000,-3500,2019/9/25,451081,103
10,25/9/2019 05:20:09,05:20:09,280,249.7,4500,-3500,2019/9/25,451209,128
11,25/9/2019 05:20:46,05:20:46,280,244.1,5000,-3500,2019/9/25,451246,37
12,25/9/2019 05:22:21,05:22:21,280,249.7,5000,-3500,2019/9/25,451341,95
13,25/9/2019 05:23:16,05:23:16,280,260.9,4500,-3500,2019/9/25,451396,55
14,25/9/2019 05:24:28,05:24:28,280,266.6,4500,-3500,2019/9/25,451468,72
15,25/9/2019 05:26:46,05:26:46,280,272.2,4500,-3500,2019/9/25,451606,138
16,25/9/2019 05:29:59,05:29:59,280,277.8,4500,-3500,2019/9/25,451799,193
17,25/9/2019 05:30:37,05:30:37,280,272.2,4500,-3500,2019/9/25,451837,38
18,25/9/2019 05:32:50,05:32:50,280,277.8,4500,-3500,2019/9/25,451970,133
19,25/9/2019 05:34:02,05:34:02,280,283.4,4500,-3500,2019/9/25,452042,72
20,25/9/2019 05:35:52,05:35:52,280,277.8,4500,-3500,2019/9/25,452152,110
21,25/9/2019 05:36:30,05:36:30,280,283.4,4500,-3500,2019/9/25,452190,38
22,25/9/2019 05:38:42,05:38:42,280,277.8,4500,-3500,2019/9/25,452322,132
23,25/9/2019 05:39:33,05:39:33,280,272.2,4500,-3500,2019/9/25,452373,51
24,25/9/2019 05:40:10,05:40:10,280,260.9,4500,-3500,2019/9/25,452410,37
25,25/9/2019 05:40:28,05:40:28,280,266.6,4500,-3500,2019/9/25,452428,18
26,25/9/2019 05:41:07,05:41:07,280,260.9,4500,-3500,2019/9/25,452467,39
27,25/9/2019 05:41:45,05:41:45,280,272.2,4500,-3500,2019/9/25,452505,38
28,25/9/2019 05:42:29,05:42:29,280,260.9,4500,-3500,2019/9/25,452549,44
29,25/9/2019 05:43:19,05:43:19,280,266.6,4500,-3500,2019/9/25,452599,50
30,25/9/2019 05:44:13,05:44:13,280,272.2,4500,-3500,2019/9/25,452653,54
31,25/9/2019 05:44:30,05:44:30,280,277.8,4500,-3500,2019/9/25,452670,17
32,25/9/2019 05:44:47,05:44:47,280,272.2,4500,-3500,2019/9/25,452687,17
33,25/9/2019 05:45:22,05:45:22,280,260.9,4500,-3500,2019/9/25,452722,35
34,25/9/2019 05:46:20,05:46:20,280,272.2,5000,-3500,2019/9/25,452780,58
35,25/9/2019 05:46:58,05:46:58,280,283.4,5000,-3500,2019/9/25,452818,38
36,25/9/2019 05:47:44,05:47:44,280,272.2,5000,-3500,2019/9/25,452864,46
37,25/9/2019 05:49:10,05:49:10,280,283.4,5000,-3500,2019/9/25,452950,86
38,25/9/2019 05:49:28,05:49:28,280,272.2,5000,-3500,2019/9/25,452968,18
39,25/9/2019 05:50:01,05:50:01,280,277.8,5000,-3500,2019/9/25,453001,33
40,25/9/2019 05:50:41,05:50:41,280,272.2,5000,-3500,2019/9/25,453041,40
41,25/9/2019 05:51:34,05:51:34,280,277.8,5000,-3500,2019/9/25,453094,53
42,25/9/2019 05:52:13,05:52:13,280,272.2,5000,-3500,2019/9/25,453133,39
43,25/9/2019 05:52:57,05:52:57,280,277.8,5000,-3500,2019/9/25,453177,44
44,25/9/2019 05:53:48,05:53:48,280,283.4,5000,-3500,2019/9/25,453228,51
45,25/9/2019 05:54:40,05:54:40,280,277.8,5000,-3500,2019/9/25,453280,52
46,25/9/2019 05:54:58,05:54:58,280,272.2,5000,-3500,2019/9/25,453298,18
47,25/9/2019 05:55:14,05:55:14,280,277.8,5000,-3500,2019/9/25,453314,16
48,25/9/2019 05:55:54,05:55:54,280,283.4,5000,-3500,2019/9/25,453354,40
49,25/9/2019 05:56:10,05:56:10,280,277.8,5000,-3500,2019/9/25,453370,16
50,25/9/2019 05:56:50,05:56:50,280,283.4,5000,-3500,2019/9/25,453410,40
51,25/9/2019 05:57:25,05:57:25,280,277.8,5000,-3500,2019/9/25,453445,35
52,25/9/2019 05:59:36,05:59:36,280,283.4,5000,-3500,2019/9/25,453576,131
53,25/9/2019 05:59:57,05:59:57,280,294.7,5000,-3500,2019/9/25,453597,21
54,25/9/2019 06:00:14,06:00:14,280,289.1,5000,-3500,2019/9/25,453614,17
55,25/9/2019 06:00:30,06:00:30,280,283.4,5000,-3500,2019/9/25,453630,16
56,25/9/2019 06:01:08,06:01:08,280,294.7,5000,-3500,2019/9/25,453668,38
57,25/9/2019 06:03:28,06:03:28,280,289.1,5000,-3500,2019/9/25,453808,140
58,25/9/2019 06:04:15,06:04:15,280,277.8,5000,-3500,2019/9/25,453855,47
59,25/9/2019 06:04:54,06:04:54,280,289.1,5000,-3500,2019/9/25,453894,39
60,25/9/2019 06:05:28,06:05:28,280,294.7,5000,-3500,2019/9/25,453928,34
61,25/9/2019 06:06:23,06:06:23,280,289.1,5000,-3500,2019/9/25,453983,55
62,25/9/2019 06:06:40,06:06:40,280,294.7,5000,-3500,2019/9/25,454000,17
63,25/9/2019 06:07:15,06:07:15,280,289.1,5000,-3500,2019/9/25,454035,35
64,25/9/2019 06:08:43,06:08:43,280,305.9,5000,-3500,2019/9/25,454123,88
65,25/9/2019 06:10:24,06:10:24,280,311.6,5000,-3500,2019/9/25,454224,101
66,25/9/2019 06:13:29,06:13:29,280,317.2,3000,-3000,2019/9/25,454409,185
67,25/9/2019 06:32:09,06:32:09,280,350.9,3500,-4500,2019/9/25,455529,1120
68,25/9/2019 06:32:44,06:32:44,280,356.6,3000,-5000,2019/9/25,455564,35
69,25/9/2019 06:33:40,06:33:40,280,350.9,3000,-5000,2019/9/25,455620,56
70,25/9/2019 06:33:55,06:33:55,280,339.7,3000,-5000,2019/9/25,455635,15
71,25/9/2019 06:34:34,06:34:34,280,328.4,3000,-5000,2019/9/25,455674,39
72,25/9/2019 06:35:13,06:35:13,280,322.8,3000,-5000,2019/9/25,455713,39
73,25/9/2019 06:35:54,06:35:54,280,311.6,3000,-5000,2019/9/25,455754,41
74,25/9/2019 06:36:47,06:36:47,280,294.7,4500,-3500,2019/9/25,455807,53
75,25/9/2019 06:37:25,06:37:25,280,289.1,4500,-3500,2019/9/25,455845,38
76,25/9/2019 06:37:41,06:37:41,280,283.4,4500,-3500,2019/9/25,455861,16
77,25/9/2019 06:38:54,06:38:54,280,289.1,4500,-3500,2019/9/25,455934,73
78,25/9/2019 06:39:49,06:39:49,280,305.9,4500,-3500,2019/9/25,455989,55
79,25/9/2019 06:40:28,06:40:28,280,328.4,3000,-4500,2019/9/25,456028,39
80,25/9/2019 06:42:01,06:42:01,280,322.8,3000,-4500,2019/9/25,456121,93
81,25/9/2019 06:42:39,06:42:39,280,317.2,3000,-4500,2019/9/25,456159,38
82,25/9/2019 06:42:56,06:42:56,280,311.6,3000,-4500,2019/9/25,456176,17
83,25/9/2019 06:43:13,06:43:13,280,305.9,3000,-4500,2019/9/25,456193,17
84,25/9/2019 06:44:09,06:44:09,280,294.7,4500,-3500,2019/9/25,456249,56
85,25/9/2019 06:44:25,06:44:25,280,289.1,4500,-3500,2019/9/25,456265,16
86,25/9/2019 06:45:04,06:45:04,280,283.4,4500,-3500,2019/9/25,456304,39
87,25/9/2019 06:45:42,06:45:42,280,289.1,4500,-3500,2019/9/25,456342,38
88,25/9/2019 06:46:28,06:46:28,280,300.3,3000,-4500,2019/9/25,456388,46
89,25/9/2019 06:47:53,06:47:53,280,305.9,3000,-5000,2019/9/25,456473,85
90,25/9/2019 06:48:11,06:48:11,280,311.6,3000,-5000,2019/9/25,456491,18
91,25/9/2019 06:48:26,06:48:26,280,300.3,3000,-5000,2019/9/25,456506,15
92,25/9/2019 06:48:45,06:48:45,280,289.1,3000,-5000,2019/9/25,456525,19
93,25/9/2019 06:49:22,06:49:22,280,283.4,4000,-3500,2019/9/25,456562,37
94,25/9/2019 06:49:40,06:49:40,280,266.6,4000,-3500,2019/9/25,456580,18
95,25/9/2019 06:50:17,06:50:17,280,260.9,4000,-3500,2019/9/25,456617,37
96,25/9/2019 06:50:57,06:50:57,280,266.6,4000,-3500,2019/9/25,456657,40
97,25/9/2019 06:51:42,06:51:42,280,300.3,4000,-3500,2019/9/25,456702,45
98,25/9/2019 06:52:29,06:52:29,280,311.6,4000,-3500,2019/9/25,456749,47
99,25/9/2019 06:53:09,06:53:09,280,317.2,3500,-4500,2019/9/25,456789,40
100,25/9/2019 06:53:58,06:53:58,280,334.1,3500,-4500,2019/9/25,456838,49
101,25/9/2019 06:54:37,06:54:37,280,345.3,3000,-5000,2019/9/25,456877,39
102,25/9/2019 06:54:53,06:54:53,280,322.8,3000,-5000,2019/9/25,456893,16
103,25/9/2019 06:55:33,06:55:33,280,317.2,3000,-5000,2019/9/25,456933,40
104,25/9/2019 06:56:10,06:56:10,280,300.3,4500,-3500,2019/9/25,456970,37
105,25/9/2019 06:56:57,06:56:57,280,277.8,5000,-3500,2019/9/25,457017,47
106,25/9/2019 06:58:20,06:58:20,280,249.7,5000,-3500,2019/9/25,457100,83
107,25/9/2019 07:00:46,07:00:46,280,255.3,5000,-3500,2019/9/25,457246,146
108,25/9/2019 07:01:25,07:01:25,280,260.9,5000,-3500,2019/9/25,457285,39
109,25/9/2019 07:02:09,07:02:09,280,272.2,5000,-3500,2019/9/25,457329,44
110,25/9/2019 07:02:58,07:02:58,280,260.9,5000,-3500,2019/9/25,457378,49
111,25/9/2019 07:03:38,07:03:38,280,272.2,5500,-3500,2019/9/25,457418,40
112,25/9/2019 07:03:53,07:03:53,280,266.6,5500,-3500,2019/9/25,457433,15
113,25/9/2019 07:04:11,07:04:11,280,272.2,5500,-3500,2019/9/25,457451,18
114,25/9/2019 07:05:05,07:05:05,280,277.8,5500,-3500,2019/9/25,457505,54
115,25/9/2019 07:05:59,07:05:59,280,289.1,5500,-3500,2019/9/25,457559,54
116,25/9/2019 07:06:39,07:06:39,280,300.3,5500,-3500,2019/9/25,457599,40
117,25/9/2019 07:07:26,07:07:26,280,294.7,5000,-3500,2019/9/25,457646,47
118,25/9/2019 07:08:14,07:08:14,280,300.3,5000,-3500,2019/9/25,457694,48
119,25/9/2019 07:09:08,07:09:08,280,305.9,5000,-3500,2019/9/25,457748,54
120,25/9/2019 07:09:41,07:09:41,280,311.6,4500,-3500,2019/9/25,457781,33
121,25/9/2019 07:10:21,07:10:21,280,300.3,4500,-3500,2019/9/25,457821,40
122,25/9/2019 07:10:37,07:10:37,280,305.9,4500,-3500,2019/9/25,457837,16
123,25/9/2019 07:11:12,07:11:12,280,300.3,4500,-3500,2019/9/25,457872,35
124,25/9/2019 07:11:54,07:11:54,280,294.7,4500,-3500,2019/9/25,457914,42
125,25/9/2019 07:12:39,07:12:39,280,289.1,4500,-3500,2019/9/25,457959,45
126,25/9/2019 07:14:06,07:14:06,280,283.4,4500,-3500,2019/9/25,458046,87
127,25/9/2019 07:14:55,07:14:55,280,272.2,5000,-3500,2019/9/25,458095,49
128,25/9/2019 07:15:35,07:15:35,280,260.9,5000,-3500,2019/9/25,458135,40
129,25/9/2019 07:15:52,07:15:52,280,266.6,5000,-3500,2019/9/25,458152,17
130,25/9/2019 07:16:28,07:16:28,280,260.9,5000,-3500,2019/9/25,458188,36
131,25/9/2019 07:17:08,07:17:08,280,266.6,5000,-3500,2019/9/25,458228,40
132,25/9/2019 07:17:53,07:17:53,280,260.9,5500,-3500,2019/9/25,458273,45
133,25/9/2019 07:18:41,07:18:41,280,266.6,5500,-3500,2019/9/25,458321,48
134,25/9/2019 07:19:20,07:19:20,280,272.2,5500,-3500,2019/9/25,458360,39
135,25/9/2019 07:19:38,07:19:38,280,266.6,5500,-3500,2019/9/25,458378,18
136,25/9/2019 07:19:54,07:19:54,280,277.8,5500,-3500,2019/9/25,458394,16
137,25/9/2019 07:20:11,07:20:11,280,283.4,5500,-3500,2019/9/25,458411,17
138,25/9/2019 07:20:47,07:20:47,280,277.8,5500,-3500,2019/9/25,458447,36
139,25/9/2019 07:21:45,07:21:45,280,289.1,5000,-3500,2019/9/25,458505,58
140,25/9/2019 07:22:23,07:22:23,280,300.3,5000,-3500,2019/9/25,458543,38
141,25/9/2019 07:23:57,07:23:57,280,294.7,5000,-3500,2019/9/25,458637,94
142,25/9/2019 07:24:34,07:24:34,280,283.4,5000,-3500,2019/9/25,458674,37
143,25/9/2019 07:24:52,07:24:52,280,277.8,5000,-3500,2019/9/25,458692,18
144,25/9/2019 07:25:06,07:25:06,280,272.2,5500,-3500,2019/9/25,458706,14
145,25/9/2019 07:27:37,07:27:37,280,277.8,5500,-3500,2019/9/25,458857,151
146,25/9/2019 07:28:23,07:28:23,280,294.7,5500,-3500,2019/9/25,458903,46
147,25/9/2019 07:29:49,07:29:49,280,300.3,5000,-3500,2019/9/25,458989,86
148,25/9/2019 07:30:07,07:30:07,280,305.9,5000,-3500,2019/9/25,459007,18
149,25/9/2019 07:30:23,07:30:23,280,300.3,5000,-3500,2019/9/25,459023,16
150,25/9/2019 07:30:36,07:30:36,280,305.9,5000,-3500,2019/9/25,459036,13
151,25/9/2019 07:31:18,07:31:18,280,311.6,5000,-3500,2019/9/25,459078,42
152,25/9/2019 07:31:34,07:31:34,280,300.3,5000,-3500,2019/9/25,459094,16
153,25/9/2019 07:32:11,07:32:11,280,311.6,5000,-3500,2019/9/25,459131,37
154,25/9/2019 07:32:51,07:32:51,280,289.1,5000,-3500,2019/9/25,459171,40
155,25/9/2019 07:33:37,07:33:37,280,300.3,5000,-3500,2019/9/25,459217,46
156,25/9/2019 07:34:26,07:34:26,280,289.1,5000,-3500,2019/9/25,459266,49
157,25/9/2019 07:35:03,07:35:03,280,283.4,5000,-3500,2019/9/25,459303,37
158,25/9/2019 07:35:20,07:35:20,280,294.7,5000,-3500,2019/9/25,459320,17
159,25/9/2019 07:35:37,07:35:37,280,289.1,5000,-3500,2019/9/25,459337,17
160,25/9/2019 07:35:50,07:35:50,280,294.7,5000,-3500,2019/9/25,459350,13
161,25/9/2019 07:36:32,07:36:32,280,300.3,5000,-3500,2019/9/25,459392,42
162,25/9/2019 07:36:49,07:36:49,280,294.7,5000,-3500,2019/9/25,459409,17
163,25/9/2019 07:37:28,07:37:28,280,300.3,5000,-3500,2019/9/25,459448,39
164,25/9/2019 07:38:04,07:38:04,280,294.7,5000,-3500,2019/9/25,459484,36
165,25/9/2019 07:38:50,07:38:50,280,300.3,5000,-3500,2019/9/25,459530,46
166,25/9/2019 07:39:38,07:39:38,280,294.7,5000,-3500,2019/9/25,459578,48
167,25/9/2019 07:40:19,07:40:19,280,283.4,5000,-3500,2019/9/25,459619,41
168,25/9/2019 07:40:35,07:40:35,280,300.3,5000,-3500,2019/9/25,459635,16
169,25/9/2019 07:40:52,07:40:52,280,289.1,5000,-3500,2019/9/25,459652,17
170,25/9/2019 07:41:09,07:41:09,280,294.7,5000,-3500,2019/9/25,459669,17
171,25/9/2019 07:41:46,07:41:46,280,305.9,5000,-3500,2019/9/25,459706,37
172,25/9/2019 07:42:04,07:42:04,280,300.3,5000,-3500,2019/9/25,459724,18
173,25/9/2019 07:43:20,07:43:20,280,311.6,5000,-3500,2019/9/25,459800,76
174,25/9/2019 07:44:07,07:44:07,280,317.2,3500,-4500,2019/9/25,459847,47
175,25/9/2019 07:44:54,07:44:54,280,300.3,4500,-3500,2019/9/25,459894,47
176,25/9/2019 07:45:30,07:45:30,280,289.1,4500,-3500,2019/9/25,459930,36
177,25/9/2019 07:45:48,07:45:48,280,277.8,4500,-3500,2019/9/25,459948,18
178,25/9/2019 07:46:06,07:46:06,280,272.2,4500,-3500,2019/9/25,459966,18
179,25/9/2019 07:46:13,07:46:13,280,260.9,4500,-3500,2019/9/25,459973,7
