,ACTIME,TIME,TARSTF,SGTF,TOR_P,TOR_N,DATE,ss2,time_interval
0,31/7/2020 04:05:53.26,04:05:53,20,17.9,7400,-3000,2020/7/31,27230753,0
1,31/7/2020 04:06:10.46,04:06:10,20,30.6,6900,-3000,2020/7/31,27230770,17
2,31/7/2020 04:08:10.19,04:08:10,20,48.9,5900,-4000,2020/7/31,27230890,120
3,31/7/2020 04:08:37.35,04:08:37,20,34.8,6900,-4000,2020/7/31,27230917,27
4,31/7/2020 04:09:13.11,04:09:13,20,29.2,7400,-3500,2020/7/31,27230953,36
5,31/7/2020 04:10:06.05,04:10:06,20,40.5,7400,-3500,2020/7/31,27231006,53
6,31/7/2020 04:11:10.15,04:11:10,20,34.8,7400,-3500,2020/7/31,27231070,64
7,31/7/2020 04:12:12.36,04:12:12,20,26.3,7400,-3500,2020/7/31,27231132,62
8,31/7/2020 04:12:39.55,04:12:39,20,27.7,7400,-3500,2020/7/31,27231159,27
9,31/7/2020 04:13:51.06,04:13:51,20,27.7,7400,-3500,2020/7/31,27231231,72
10,31/7/2020 04:15:24.2,04:15:24,20,34.8,7400,-3500,2020/7/31,27231324,93
11,31/7/2020 04:15:51.4,04:15:51,20,32.0,7400,-3500,2020/7/31,27231351,27
12,31/7/2020 04:17:21,04:17:21,20,27.7,7400,-3000,2020/7/31,27231441,90
13,31/7/2020 04:17:48.31,04:17:48,20,24.9,7400,-3000,2020/7/31,27231468,27
14,31/7/2020 04:19:28.53,04:19:28,20,16.5,8400,-3000,2020/7/31,27231568,100
15,31/7/2020 04:20:40.48,04:20:40,20,20.7,8400,-3000,2020/7/31,27231640,72
16,31/7/2020 04:22:39.61,04:22:39,20,19.3,8400,-3000,2020/7/31,27231759,119
17,31/7/2020 04:23:06.9,04:23:06,20,10.8,8400,-3000,2020/7/31,27231786,27
18,31/7/2020 04:23:42.8,04:23:42,20,20.7,8400,-3000,2020/7/31,27231822,36
19,31/7/2020 04:24:37.01,04:24:37,20,12.2,8400,-3000,2020/7/31,27231877,55
20,31/7/2020 04:25:39.08,04:25:39,20,17.9,8400,-3000,2020/7/31,27231939,62
21,31/7/2020 04:26:42.52,04:26:42,20,20.7,8400,-3000,2020/7/31,27232002,63
22,31/7/2020 04:27:54.14,04:27:54,20,20.7,8400,-3000,2020/7/31,27232074,72
23,31/7/2020 04:29:54.48,04:29:54,20,19.3,8400,-3000,2020/7/31,27232194,120
24,31/7/2020 04:30:21.39,04:30:21,20,24.9,8400,-3000,2020/7/31,27232221,27
25,31/7/2020 04:31:52.5,04:31:52,20,16.5,8400,-3000,2020/7/31,27232312,91
26,31/7/2020 04:32:55.14,04:32:55,20,22.1,8400,-3000,2020/7/31,27232375,63
27,31/7/2020 04:33:58.22,04:33:58,20,17.9,8400,-3000,2020/7/31,27232438,63
28,31/7/2020 04:35:10.15,04:35:10,20,33.4,8400,-3000,2020/7/31,27232510,72
29,31/7/2020 04:35:37.2,04:35:37,20,23.5,8400,-3000,2020/7/31,27232537,27
30,31/7/2020 04:37:38.35,04:37:38,20,33.4,8400,-3000,2020/7/31,27232658,121
31,31/7/2020 04:38:14.48,04:38:14,20,24.9,8400,-3000,2020/7/31,27232694,36
32,31/7/2020 04:39:07.33,04:39:07,20,39.0,8400,-3000,2020/7/31,27232747,53
33,31/7/2020 04:40:10.33,04:40:10,20,41.9,6900,-4000,2020/7/31,27232810,63
34,31/7/2020 04:41:12.24,04:41:12,20,30.6,6900,-4000,2020/7/31,27232872,62
35,31/7/2020 04:42:24.21,04:42:24,20,41.9,6900,-3000,2020/7/31,27232944,72
36,31/7/2020 04:44:24.51,04:44:24,20,40.5,6900,-3000,2020/7/31,27233064,120
37,31/7/2020 04:44:51.52,04:44:51,20,37.6,6900,-3000,2020/7/31,27233091,27
38,31/7/2020 04:45:27.46,04:45:27,20,34.8,6900,-3000,2020/7/31,27233127,36
39,31/7/2020 04:46:22.31,04:46:22,20,46.1,6900,-3000,2020/7/31,27233182,55
40,31/7/2020 04:47:25.37,04:47:25,20,41.9,6900,-3000,2020/7/31,27233245,63
41,31/7/2020 04:48:28.58,04:48:28,20,46.1,6900,-3000,2020/7/31,27233308,63
42,31/7/2020 04:49:40.35,04:49:40,20,51.7,8400,-5000,2020/7/31,27233380,72
43,31/7/2020 04:51:39.92,04:51:39,20,41.9,8400,-5000,2020/7/31,27233499,119
44,31/7/2020 04:52:06.91,04:52:06,20,48.9,8400,-5000,2020/7/31,27233526,27
45,31/7/2020 04:52:42.14,04:52:42,20,53.2,7400,-4500,2020/7/31,27233562,36
46,31/7/2020 04:53:36.48,04:53:36,20,47.5,7400,-4500,2020/7/31,27233616,54
47,31/7/2020 04:54:39.25,04:54:39,20,46.1,7400,-4500,2020/7/31,27233679,63
48,31/7/2020 04:55:44.02,04:55:44,20,50.3,8400,-5000,2020/7/31,27233744,65
49,31/7/2020 04:56:55.13,04:56:55,20,41.9,8400,-5000,2020/7/31,27233815,71
50,31/7/2020 04:58:55.5,04:58:55,20,39.0,7900,-3000,2020/7/31,27233935,120
51,31/7/2020 04:59:22.43,04:59:22,20,41.9,7900,-3000,2020/7/31,27233962,27
52,31/7/2020 04:59:58.03,04:59:58,20,46.1,7900,-3000,2020/7/31,27233998,36
53,31/7/2020 05:00:52.3,05:00:52,20,40.5,7900,-3000,2020/7/31,27234052,54
54,31/7/2020 05:01:55.67,05:01:55,20,44.7,7900,-3000,2020/7/31,27234115,63
55,31/7/2020 05:02:58.41,05:02:58,20,48.9,7900,-3000,2020/7/31,27234178,63
56,31/7/2020 05:04:10.26,05:04:10,20,51.7,7900,-3000,2020/7/31,27234250,72
57,31/7/2020 05:06:11.1,05:06:11,20,56.0,7400,-4000,2020/7/31,27234371,121
58,31/7/2020 05:06:38.35,05:06:38,20,53.2,7400,-4000,2020/7/31,27234398,27
59,31/7/2020 05:07:12.05,05:07:12,20,51.7,7400,-4000,2020/7/31,27234432,34
60,31/7/2020 05:08:07.4,05:08:07,20,57.4,7400,-4000,2020/7/31,27234487,55
61,31/7/2020 05:09:09.39,05:09:09,20,56.0,7400,-4000,2020/7/31,27234549,62
62,31/7/2020 05:10:13.92,05:10:13,20,51.7,7400,-4000,2020/7/31,27234613,64
63,31/7/2020 05:11:24.51,05:11:24,20,57.4,7400,-4000,2020/7/31,27234684,71
64,31/7/2020 05:13:24.57,05:13:24,20,61.6,6900,-5500,2020/7/31,27234804,120
65,31/7/2020 05:13:51.26,05:13:51,20,58.8,6400,-5500,2020/7/31,27234831,27
66,31/7/2020 05:14:27.08,05:14:27,20,57.4,5900,-3500,2020/7/31,27234867,36
67,31/7/2020 05:16:25.92,05:16:25,20,61.6,5900,-3500,2020/7/31,27234985,118
68,31/7/2020 05:17:28.25,05:17:28,20,64.5,5900,-3500,2020/7/31,27235048,63
69,31/7/2020 05:18:39.76,05:18:39,20,65.9,5900,-3500,2020/7/31,27235119,71
70,31/7/2020 05:20:40.09,05:20:40,20,64.5,5900,-3500,2020/7/31,27235240,121
71,31/7/2020 05:21:43.6,05:21:43,20,65.9,6900,-4500,2020/7/31,27235303,63
72,31/7/2020 05:22:38.03,05:22:38,20,64.5,6900,-4500,2020/7/31,27235358,55
73,31/7/2020 05:23:40.72,05:23:40,20,65.9,6900,-4500,2020/7/31,27235420,62
74,31/7/2020 05:24:44.08,05:24:44,20,65.9,6900,-4500,2020/7/31,27235484,64
75,31/7/2020 05:25:55.01,05:25:55,20,60.2,6900,-4500,2020/7/31,27235555,71
76,31/7/2020 05:27:55.24,05:27:55,20,57.4,6900,-4500,2020/7/31,27235675,120
77,31/7/2020 05:28:22.32,05:28:22,20,58.8,6900,-4500,2020/7/31,27235702,27
78,31/7/2020 05:28:58.03,05:28:58,20,60.2,6900,-4500,2020/7/31,27235738,36
79,31/7/2020 05:29:52.5,05:29:52,20,54.6,6900,-4500,2020/7/31,27235792,54
80,31/7/2020 05:30:55.93,05:30:55,20,58.8,6900,-4500,2020/7/31,27235855,63
81,31/7/2020 05:31:58.19,05:31:58,20,53.2,6900,-4500,2020/7/31,27235918,63
82,31/7/2020 05:33:10.21,05:33:10,20,56.0,6900,-4500,2020/7/31,27235990,72
83,31/7/2020 05:35:11.48,05:35:11,20,54.6,6900,-4500,2020/7/31,27236111,121
84,31/7/2020 05:35:37.58,05:35:37,20,61.6,6900,-4500,2020/7/31,27236137,26
85,31/7/2020 05:36:13.72,05:36:13,20,58.8,6900,-4500,2020/7/31,27236173,36
86,31/7/2020 05:38:09.13,05:38:09,20,60.2,6900,-4500,2020/7/31,27236289,116
87,31/7/2020 05:39:12.33,05:39:12,20,61.6,6900,-4500,2020/7/31,27236352,63
88,31/7/2020 05:40:24.15,05:40:24,20,60.2,6900,-4500,2020/7/31,27236424,72
89,31/7/2020 05:42:25.38,05:42:25,20,56.0,6900,-4500,2020/7/31,27236545,121
90,31/7/2020 05:42:52.07,05:42:52,20,53.2,6900,-4500,2020/7/31,27236572,27
91,31/7/2020 05:43:28.36,05:43:28,20,57.4,6900,-4500,2020/7/31,27236608,36
92,31/7/2020 05:44:22.52,05:44:22,20,54.6,6900,-4500,2020/7/31,27236662,54
93,31/7/2020 05:45:26.04,05:45:26,20,56.0,6900,-4500,2020/7/31,27236726,64
94,31/7/2020 05:46:28.37,05:46:28,20,56.0,6900,-4500,2020/7/31,27236788,62
95,31/7/2020 05:46:55.1,05:46:55,20,54.6,6900,-4500,2020/7/31,27236815,27
96,31/7/2020 05:48:07.28,05:48:07,20,54.6,6900,-4500,2020/7/31,27236887,72
97,31/7/2020 05:49:40.34,05:49:40,20,57.4,6900,-4500,2020/7/31,27236980,93
98,31/7/2020 05:50:07.43,05:50:07,20,50.3,6900,-4500,2020/7/31,27237007,27
99,31/7/2020 05:50:43.56,05:50:43,20,56.0,6900,-4500,2020/7/31,27237043,36
100,31/7/2020 05:51:37.74,05:51:37,20,50.3,6900,-4500,2020/7/31,27237097,54
101,31/7/2020 05:52:40.98,05:52:40,20,50.3,6900,-4500,2020/7/31,27237160,63
102,31/7/2020 05:53:43.22,05:53:43,20,50.3,6900,-4500,2020/7/31,27237223,63
103,31/7/2020 05:56:55.35,05:56:55,20,46.1,6900,-4500,2020/7/31,27237415,192
104,31/7/2020 05:57:22.51,05:57:22,20,44.7,6900,-4500,2020/7/31,27237442,27
105,31/7/2020 05:57:58.02,05:57:58,20,47.5,6900,-4500,2020/7/31,27237478,36
106,31/7/2020 05:58:52.6,05:58:52,20,44.7,6900,-4500,2020/7/31,27237532,54
107,31/7/2020 05:59:55.56,05:59:55,20,43.3,6900,-4500,2020/7/31,27237595,63
108,31/7/2020 06:00:22.36,06:00:22,20,41.9,6900,-4500,2020/7/31,27237622,27
109,31/7/2020 06:01:26.51,06:01:26,20,41.9,6900,-4500,2020/7/31,27237686,64
110,31/7/2020 06:02:11.53,06:02:11,20,37.6,6900,-4000,2020/7/31,27237731,45
111,31/7/2020 06:04:10.53,06:04:10,20,41.9,6900,-4000,2020/7/31,27237850,119
112,31/7/2020 06:04:37.59,06:04:37,20,44.7,6900,-4000,2020/7/31,27237877,27
113,31/7/2020 06:05:13.85,06:05:13,20,43.3,6900,-4000,2020/7/31,27237913,36
114,31/7/2020 06:06:07.16,06:06:07,20,41.9,6900,-4000,2020/7/31,27237967,54
115,31/7/2020 06:07:09.36,06:07:09,20,41.9,6900,-4000,2020/7/31,27238029,62
116,31/7/2020 06:08:12.09,06:08:12,20,41.9,6900,-4000,2020/7/31,27238092,63
117,31/7/2020 06:09:25.33,06:09:25,20,36.2,7900,-4000,2020/7/31,27238165,73
118,31/7/2020 06:11:25.09,06:11:25,20,41.9,7900,-4000,2020/7/31,27238285,120
119,31/7/2020 06:11:52.2,06:11:52,20,40.5,7900,-4000,2020/7/31,27238312,27
120,31/7/2020 06:14:03.6,06:14:03,20,40.5,7900,-4000,2020/7/31,27238443,131
121,31/7/2020 06:15:28,06:15:28,20,39.0,7900,-4000,2020/7/31,27238528,85
122,31/7/2020 06:16:40.2,06:16:40,20,33.4,7900,-4000,2020/7/31,27238600,72
123,31/7/2020 06:18:40.84,06:18:40,20,33.4,7900,-4000,2020/7/31,27238720,120
124,31/7/2020 06:19:43,06:19:43,20,36.2,7900,-4000,2020/7/31,27238783,63
125,31/7/2020 06:21:40.03,06:21:40,20,37.6,7900,-4000,2020/7/31,27238900,117
126,31/7/2020 06:22:07.23,06:22:07,20,41.9,7900,-4000,2020/7/31,27238927,27
127,31/7/2020 06:23:10,06:23:10,20,41.9,7900,-4000,2020/7/31,27238990,63
128,31/7/2020 06:23:55.19,06:23:55,20,40.5,7900,-4000,2020/7/31,27239035,45
129,31/7/2020 06:25:55,06:25:55,20,43.3,7900,-4000,2020/7/31,27239155,120
130,31/7/2020 06:26:22.42,06:26:22,20,39.0,7900,-4000,2020/7/31,27239182,27
131,31/7/2020 06:27:52.14,06:27:52,20,36.2,7900,-4000,2020/7/31,27239272,90
132,31/7/2020 06:28:56.36,06:28:56,20,39.0,7900,-4000,2020/7/31,27239336,64
133,31/7/2020 06:29:59.56,06:29:59,20,40.5,7900,-4000,2020/7/31,27239399,63
