,ACTIME,TIME,TARSTF,SGTF,TOR_P,TOR_N,DATE,ss2,time_interval
0,1/8/2020 03:38:49.88,03:38:49,20,37.6,8000,-4000,2020/8/1,27315529,0
1,1/8/2020 03:39:03.41,03:39:03,20,80.0,8000,-3000,2020/8/1,27315543,14
2,1/8/2020 03:41:03.47,03:41:03,20,109.6,8000,-3000,2020/8/1,27315663,120
3,1/8/2020 03:41:30.43,03:41:30,20,166.1,8000,-3000,2020/8/1,27315690,27
4,1/8/2020 03:42:06.52,03:42:06,20,170.3,8000,-3000,2020/8/1,27315726,36
5,1/8/2020 03:43:00.59,03:43:00,20,181.6,8000,-3000,2020/8/1,27315780,54
6,1/8/2020 03:44:03,03:44:03,20,190.1,8000,-3000,2020/8/1,27315843,63
7,1/8/2020 03:45:05.43,03:45:05,20,200.0,8000,-3000,2020/8/1,27315905,62
8,1/8/2020 03:46:18.25,03:46:18,20,208.5,8000,-3000,2020/8/1,27315978,73
9,1/8/2020 03:48:18.09,03:48:18,20,212.7,10000,-3000,2020/8/1,27316098,120
10,1/8/2020 03:48:44.11,03:48:44,20,221.2,10000,-3000,2020/8/1,27316124,26
11,1/8/2020 03:49:20.13,03:49:20,20,219.7,10000,-3000,2020/8/1,27316160,36
12,1/8/2020 03:50:14.26,03:50:14,20,293.2,8000,-4000,2020/8/1,27316214,54
13,1/8/2020 03:51:17.1,03:51:17,20,341.2,6000,-5000,2020/8/1,27316277,63
14,1/8/2020 03:52:20.3,03:52:20,20,13.6,6000,-5000,2020/8/1,27316340,63
15,1/8/2020 03:53:32.38,03:53:32,20,72.9,6000,-5000,2020/8/1,27316412,72
16,1/8/2020 03:55:32.38,03:55:32,20,96.9,6000,-5000,2020/8/1,27316532,120
17,1/8/2020 03:55:59.4,03:55:59,20,94.1,6000,-5000,2020/8/1,27316559,27
18,1/8/2020 03:56:35,03:56:35,20,96.9,6000,-5000,2020/8/1,27316595,36
19,1/8/2020 03:57:29.35,03:57:29,20,91.3,6000,-5000,2020/8/1,27316649,54
20,1/8/2020 03:59:35.51,03:59:35,20,105.4,6000,-5000,2020/8/1,27316775,126
21,1/8/2020 04:00:47.4,04:00:47,20,102.6,6000,-5000,2020/8/1,27316847,72
22,1/8/2020 04:02:47.06,04:02:47,20,78.6,6000,-5000,2020/8/1,27316967,120
23,1/8/2020 04:03:14.19,04:03:14,20,80.0,6000,-5000,2020/8/1,27316994,27
24,1/8/2020 04:03:51.49,04:03:51,20,84.2,6000,-5000,2020/8/1,27317031,37
25,1/8/2020 04:04:45.08,04:04:45,20,74.3,6000,-5000,2020/8/1,27317085,54
26,1/8/2020 04:05:48.21,04:05:48,20,74.3,6000,-5000,2020/8/1,27317148,63
27,1/8/2020 04:06:51.48,04:06:51,20,70.1,6000,-5000,2020/8/1,27317211,63
28,1/8/2020 04:08:03.27,04:08:03,20,64.5,6000,-5000,2020/8/1,27317283,72
29,1/8/2020 04:10:03.1,04:10:03,20,58.8,6000,-5000,2020/8/1,27317403,120
30,1/8/2020 04:10:30.59,04:10:30,20,56.0,6000,-5000,2020/8/1,27317430,27
31,1/8/2020 04:11:06.11,04:11:06,20,53.2,6000,-5000,2020/8/1,27317466,36
32,1/8/2020 04:12:00.32,04:12:00,20,51.7,6000,-5000,2020/8/1,27317520,54
33,1/8/2020 04:13:03.06,04:13:03,20,47.5,6000,-5000,2020/8/1,27317583,63
34,1/8/2020 04:14:06.4,04:14:06,20,40.5,8000,-5000,2020/8/1,27317646,63
35,1/8/2020 04:15:18.51,04:15:18,20,39.0,8000,-5000,2020/8/1,27317718,72
36,1/8/2020 04:17:18.58,04:17:18,20,36.2,7000,-5500,2020/8/1,27317838,120
37,1/8/2020 04:17:45.38,04:17:45,20,16.5,8000,-5000,2020/8/1,27317865,27
38,1/8/2020 04:18:20.36,04:18:20,20,15.0,8000,-5000,2020/8/1,27317900,35
39,1/8/2020 04:19:14.55,04:19:14,20,19.3,8000,-5000,2020/8/1,27317954,54
40,1/8/2020 04:20:17.67,04:20:17,20,8.0,8000,-5000,2020/8/1,27318017,63
41,1/8/2020 04:21:20.48,04:21:20,20,15.0,8000,-5000,2020/8/1,27318080,63
42,1/8/2020 04:21:47.43,04:21:47,20,12.2,8000,-5000,2020/8/1,27318107,27
43,1/8/2020 04:22:59.19,04:22:59,20,0.9,8000,-5000,2020/8/1,27318179,72
44,1/8/2020 04:24:59,04:24:59,20,3.7,9000,-6000,2020/8/1,27318299,120
45,1/8/2020 04:26:29.43,04:26:29,20,6.6,8000,-5000,2020/8/1,27318389,90
46,1/8/2020 04:27:32.02,04:27:32,20,359.5,8000,-5000,2020/8/1,27318452,63
47,1/8/2020 04:28:35.05,04:28:35,20,2.3,8000,-5000,2020/8/1,27318515,63
48,1/8/2020 04:29:48.02,04:29:48,20,8.0,8000,-5000,2020/8/1,27318588,73
49,1/8/2020 04:31:48.56,04:31:48,20,13.6,8000,-5000,2020/8/1,27318708,120
50,1/8/2020 04:32:15.56,04:32:15,20,10.8,8000,-5000,2020/8/1,27318735,27
51,1/8/2020 04:32:51.03,04:32:51,20,9.4,8000,-5000,2020/8/1,27318771,36
52,1/8/2020 04:33:45.34,04:33:45,20,20.7,8000,-5000,2020/8/1,27318825,54
53,1/8/2020 04:34:48.48,04:34:48,20,13.6,8000,-5000,2020/8/1,27318888,63
54,1/8/2020 04:35:51.16,04:35:51,20,26.3,8000,-5000,2020/8/1,27318951,63
55,1/8/2020 04:37:03.48,04:37:03,20,20.7,8000,-5000,2020/8/1,27319023,72
56,1/8/2020 04:39:03.32,04:39:03,20,19.3,8000,-5000,2020/8/1,27319143,120
57,1/8/2020 04:40:06.54,04:40:06,20,32.0,8000,-5000,2020/8/1,27319206,63
58,1/8/2020 04:41:00.14,04:41:00,20,19.3,8000,-5000,2020/8/1,27319260,54
59,1/8/2020 04:42:03.37,04:42:03,20,16.5,8000,-5000,2020/8/1,27319323,63
60,1/8/2020 04:43:06.53,04:43:06,20,20.7,8000,-5000,2020/8/1,27319386,63
61,1/8/2020 04:44:18.15,04:44:18,20,32.0,8000,-5000,2020/8/1,27319458,72
62,1/8/2020 04:46:18,04:46:18,20,22.1,7000,-5000,2020/8/1,27319578,120
63,1/8/2020 04:46:44.48,04:46:44,20,26.3,7000,-5000,2020/8/1,27319604,26
64,1/8/2020 04:47:20.01,04:47:20,20,24.9,7000,-5000,2020/8/1,27319640,36
65,1/8/2020 04:48:14.12,04:48:14,20,23.5,7000,-5000,2020/8/1,27319694,54
66,1/8/2020 04:49:17.51,04:49:17,20,20.7,7000,-5000,2020/8/1,27319757,63
67,1/8/2020 04:50:20.09,04:50:20,20,19.3,7000,-5000,2020/8/1,27319820,63
68,1/8/2020 04:50:47.15,04:50:47,20,20.7,7000,-5000,2020/8/1,27319847,27
69,1/8/2020 04:51:59.46,04:51:59,20,24.9,7000,-5000,2020/8/1,27319919,72
70,1/8/2020 04:54:00.49,04:54:00,20,23.5,8000,-6000,2020/8/1,27320040,121
71,1/8/2020 04:55:30.2,04:55:30,20,24.9,8000,-6000,2020/8/1,27320130,90
72,1/8/2020 04:56:33.44,04:56:33,20,19.3,8000,-6000,2020/8/1,27320193,63
73,1/8/2020 04:57:36.14,04:57:36,20,10.8,8000,-6000,2020/8/1,27320256,63
74,1/8/2020 04:58:48.39,04:58:48,20,0.9,9000,-5000,2020/8/1,27320328,72
75,1/8/2020 05:00:48.26,05:00:48,20,3.7,8000,-5000,2020/8/1,27320448,120
76,1/8/2020 05:01:15.34,05:01:15,20,351.0,8000,-5000,2020/8/1,27320475,27
77,1/8/2020 05:02:00.39,05:02:00,20,359.5,8000,-5000,2020/8/1,27320520,45
78,1/8/2020 05:02:45.09,05:02:45,20,358.1,8000,-5000,2020/8/1,27320565,45
79,1/8/2020 05:03:48.15,05:03:48,20,0.9,8000,-5000,2020/8/1,27320628,63
80,1/8/2020 05:04:15.39,05:04:15,20,3.7,8000,-5000,2020/8/1,27320655,27
81,1/8/2020 05:05:18.39,05:05:18,20,3.7,8000,-5000,2020/8/1,27320718,63
82,1/8/2020 05:06:03.67,05:06:03,20,0.9,8000,-5000,2020/8/1,27320763,45
83,1/8/2020 05:06:30.1,05:06:30,20,356.7,8000,-5000,2020/8/1,27320790,27
84,1/8/2020 05:08:30.56,05:08:30,20,353.9,8000,-5000,2020/8/1,27320910,120
85,1/8/2020 05:10:00.36,05:10:00,20,356.7,8000,-5000,2020/8/1,27321000,90
86,1/8/2020 05:11:03.52,05:11:03,20,353.9,8000,-5000,2020/8/1,27321063,63
87,1/8/2020 05:12:06.1,05:12:06,20,352.5,8000,-5000,2020/8/1,27321126,63
88,1/8/2020 05:13:17.39,05:13:17,20,336.9,8000,-3000,2020/8/1,27321197,71
89,1/8/2020 05:15:17.64,05:15:17,20,336.9,8000,-3000,2020/8/1,27321317,120
90,1/8/2020 05:15:44.09,05:15:44,20,339.7,8000,-3000,2020/8/1,27321344,27
91,1/8/2020 05:16:20.28,05:16:20,20,342.6,8000,-3000,2020/8/1,27321380,36
92,1/8/2020 05:17:14.38,05:17:14,20,346.8,8000,-3000,2020/8/1,27321434,54
93,1/8/2020 05:18:18.41,05:18:18,20,351.0,8000,-3000,2020/8/1,27321498,64
94,1/8/2020 05:19:21.57,05:19:21,20,353.9,8000,-3000,2020/8/1,27321561,63
95,1/8/2020 05:20:33.21,05:20:33,20,355.3,8000,-3000,2020/8/1,27321633,72
96,1/8/2020 05:22:33.49,05:22:33,20,356.7,8000,-3000,2020/8/1,27321753,120
97,1/8/2020 05:23:00.42,05:23:00,20,359.5,8000,-3000,2020/8/1,27321780,27
98,1/8/2020 05:23:36.27,05:23:36,20,6.6,8000,-3000,2020/8/1,27321816,36
99,1/8/2020 05:24:30.3,05:24:30,20,0.9,8000,-5000,2020/8/1,27321870,54
100,1/8/2020 05:24:57.09,05:24:57,20,6.6,8000,-5000,2020/8/1,27321897,27
101,1/8/2020 05:26:36.32,05:26:36,20,17.9,7000,-5000,2020/8/1,27321996,99
102,1/8/2020 05:27:48.12,05:27:48,20,9.4,7000,-5000,2020/8/1,27322068,72
103,1/8/2020 05:29:48.49,05:29:48,20,17.9,7000,-5000,2020/8/1,27322188,120
104,1/8/2020 05:30:15.58,05:30:15,20,8.0,7000,-5000,2020/8/1,27322215,27
105,1/8/2020 05:30:51.06,05:30:51,20,20.7,7000,-5000,2020/8/1,27322251,36
106,1/8/2020 05:31:45.27,05:31:45,20,9.4,7000,-5000,2020/8/1,27322305,54
107,1/8/2020 05:32:48.53,05:32:48,20,6.6,8000,-5000,2020/8/1,27322368,63
108,1/8/2020 05:33:51.64,05:33:51,20,2.3,8000,-5000,2020/8/1,27322431,63
109,1/8/2020 05:35:03.46,05:35:03,20,3.7,8000,-5000,2020/8/1,27322503,72
110,1/8/2020 05:36:27.59,05:36:27,20,3.7,8000,-5000,2020/8/1,27322587,84
111,1/8/2020 05:37:03.13,05:37:03,20,2.3,8000,-5000,2020/8/1,27322623,36
112,1/8/2020 05:37:30.26,05:37:30,20,342.6,8000,-5000,2020/8/1,27322650,27
113,1/8/2020 05:38:06.46,05:38:06,20,344.0,8000,-5000,2020/8/1,27322686,36
114,1/8/2020 05:39:00.45,05:39:00,20,345.4,8000,-4000,2020/8/1,27322740,54
115,1/8/2020 05:40:03.25,05:40:03,20,344.0,8000,-4000,2020/8/1,27322803,63
116,1/8/2020 05:41:07.04,05:41:07,20,345.4,8000,-4000,2020/8/1,27322867,64
117,1/8/2020 05:42:18.04,05:42:18,20,348.2,8000,-4000,2020/8/1,27322938,71
118,1/8/2020 05:44:18.47,05:44:18,20,338.3,8000,-3000,2020/8/1,27323058,120
119,1/8/2020 05:44:45.12,05:44:45,20,348.2,8000,-3000,2020/8/1,27323085,27
120,1/8/2020 05:45:21.23,05:45:21,20,345.4,8000,-3000,2020/8/1,27323121,36
121,1/8/2020 05:46:15.25,05:46:15,20,348.2,8000,-3000,2020/8/1,27323175,54
122,1/8/2020 05:47:18.1,05:47:18,20,344.0,8000,-3000,2020/8/1,27323238,63
123,1/8/2020 05:48:21.35,05:48:21,20,352.5,8000,-3000,2020/8/1,27323301,63
124,1/8/2020 05:49:33.38,05:49:33,20,359.5,8000,-3000,2020/8/1,27323373,72
125,1/8/2020 05:51:33.43,05:51:33,20,359.5,8000,-3000,2020/8/1,27323493,120
126,1/8/2020 05:52:00.49,05:52:00,20,3.7,8000,-5000,2020/8/1,27323520,27
127,1/8/2020 05:52:36.5,05:52:36,20,2.3,8000,-5000,2020/8/1,27323556,36
128,1/8/2020 05:53:30.25,05:53:30,20,9.4,8000,-5000,2020/8/1,27323610,54
129,1/8/2020 05:54:33.43,05:54:33,20,16.5,7000,-5000,2020/8/1,27323673,63
130,1/8/2020 05:55:36.03,05:55:36,20,13.6,7000,-5000,2020/8/1,27323736,63
131,1/8/2020 05:56:48.43,05:56:48,20,16.5,7000,-5000,2020/8/1,27323808,72
132,1/8/2020 05:58:48.07,05:58:48,20,19.3,7000,-5000,2020/8/1,27323928,120
133,1/8/2020 05:59:16.05,05:59:16,20,20.7,7000,-5000,2020/8/1,27323956,28
134,1/8/2020 05:59:51.4,05:59:51,20,15.0,8000,-4000,2020/8/1,27323991,35
135,1/8/2020 06:00:45.35,06:00:45,20,23.5,8000,-4000,2020/8/1,27324045,54
136,1/8/2020 06:01:48.79,06:01:48,20,20.7,8000,-4000,2020/8/1,27324108,63
137,1/8/2020 06:02:51.33,06:02:51,20,22.1,8000,-4000,2020/8/1,27324171,63
138,1/8/2020 06:04:04.21,06:04:04,20,27.7,8000,-4000,2020/8/1,27324244,73
139,1/8/2020 06:06:04.13,06:06:04,20,27.7,8000,-5000,2020/8/1,27324364,120
140,1/8/2020 06:06:31.59,06:06:31,20,24.9,8000,-5000,2020/8/1,27324391,27
141,1/8/2020 06:07:07.2,06:07:07,20,15.0,8000,-4000,2020/8/1,27324427,36
142,1/8/2020 06:08:01.43,06:08:01,20,24.9,8000,-4000,2020/8/1,27324481,54
143,1/8/2020 06:09:04.11,06:09:04,20,24.9,8000,-4000,2020/8/1,27324544,63
144,1/8/2020 06:10:06.18,06:10:06,20,27.7,8000,-4000,2020/8/1,27324606,62
145,1/8/2020 06:11:18.43,06:11:18,20,23.5,8000,-4000,2020/8/1,27324678,72
146,1/8/2020 06:13:18.3,06:13:18,20,29.2,8000,-5000,2020/8/1,27324798,120
147,1/8/2020 06:13:45.35,06:13:45,20,27.7,8000,-5000,2020/8/1,27324825,27
148,1/8/2020 06:15:15.57,06:15:15,20,26.3,8000,-5000,2020/8/1,27324915,90
149,1/8/2020 06:16:18.29,06:16:18,20,24.9,8000,-5000,2020/8/1,27324978,63
150,1/8/2020 06:17:21.35,06:17:21,20,30.6,8000,-5000,2020/8/1,27325041,63
151,1/8/2020 06:18:33,06:18:33,20,29.2,8000,-5000,2020/8/1,27325113,72
152,1/8/2020 06:20:33.1,06:20:33,20,29.2,8000,-5000,2020/8/1,27325233,120
153,1/8/2020 06:21:00.03,06:21:00,20,26.3,8000,-5000,2020/8/1,27325260,27
154,1/8/2020 06:21:36.1,06:21:36,20,30.6,8000,-5000,2020/8/1,27325296,36
155,1/8/2020 06:22:30.48,06:22:30,20,24.9,8000,-5000,2020/8/1,27325350,54
156,1/8/2020 06:23:33,06:23:33,20,17.9,8000,-5000,2020/8/1,27325413,63
157,1/8/2020 06:24:36.09,06:24:36,20,24.9,8000,-4000,2020/8/1,27325476,63
158,1/8/2020 06:25:48.54,06:25:48,20,32.0,8000,-4000,2020/8/1,27325548,72
159,1/8/2020 06:27:49.08,06:27:49,20,32.0,8000,-4000,2020/8/1,27325669,121
160,1/8/2020 06:28:15.45,06:28:15,20,29.2,8000,-4000,2020/8/1,27325695,26
