,ACTIME,TIME,TARSTF,SGTF,TOR_P,TOR_N,DATE,ss2,time_interval
0,2/8/2020 11:35:48.33,11:35:48,20,219.7,6000,-4000,2020/8/2,27430548,0
1,2/8/2020 11:36:21.15,11:36:21,20,222.6,7000,-4000,2020/8/2,27430581,33
2,2/8/2020 11:37:15.55,11:37:15,20,229.6,7000,-4000,2020/8/2,27430635,54
3,2/8/2020 11:38:19.45,11:38:19,20,232.5,7000,-4000,2020/8/2,27430699,64
4,2/8/2020 11:39:21.46,11:39:21,20,344.0,7000,-4000,2020/8/2,27430761,62
5,2/8/2020 11:40:33.55,11:40:33,20,8.0,7000,-4000,2020/8/2,27430833,72
6,2/8/2020 11:42:33.96,11:42:33,20,5.2,7000,-4000,2020/8/2,27430953,120
7,2/8/2020 11:43:01.22,11:43:01,20,0.9,8000,-4000,2020/8/2,27430981,28
8,2/8/2020 11:43:37.17,11:43:37,20,3.7,8000,-4000,2020/8/2,27431017,36
9,2/8/2020 11:44:30.52,11:44:30,20,358.1,8000,-4000,2020/8/2,27431070,53
10,2/8/2020 11:45:33.51,11:45:33,20,358.1,6000,-4000,2020/8/2,27431133,63
11,2/8/2020 11:46:00.51,11:46:00,20,356.7,6000,-4000,2020/8/2,27431160,27
12,2/8/2020 11:47:03.43,11:47:03,20,356.7,6000,-4000,2020/8/2,27431223,63
13,2/8/2020 11:48:15.05,11:48:15,20,32.0,6000,-4000,2020/8/2,27431295,72
14,2/8/2020 11:49:48.37,11:49:48,20,34.8,6000,-4000,2020/8/2,27431388,93
15,2/8/2020 11:50:15.22,11:50:15,20,36.2,6000,-4000,2020/8/2,27431415,27
16,2/8/2020 11:51:45.09,11:51:45,20,40.5,7000,-4000,2020/8/2,27431505,90
17,2/8/2020 11:52:49.05,11:52:49,20,37.6,7000,-4000,2020/8/2,27431569,64
18,2/8/2020 11:53:52.03,11:53:52,20,43.3,7000,-4000,2020/8/2,27431632,63
19,2/8/2020 11:57:04.09,11:57:04,20,54.6,7000,-6000,2020/8/2,27431824,192
20,2/8/2020 11:57:31.15,11:57:31,20,57.4,7000,-6000,2020/8/2,27431851,27
21,2/8/2020 11:58:07.25,11:58:07,20,60.2,7000,-6000,2020/8/2,27431887,36
22,2/8/2020 11:59:00.55,11:59:00,20,58.8,7000,-6000,2020/8/2,27431940,53
23,2/8/2020 12:00:04.95,12:00:04,20,61.6,7000,-6000,2020/8/2,27432004,64
24,2/8/2020 12:01:06.19,12:01:06,20,63.0,7000,-6000,2020/8/2,27432066,62
25,2/8/2020 12:02:19.21,12:02:19,20,51.7,7000,-6000,2020/8/2,27432139,73
26,2/8/2020 12:04:18.34,12:04:18,20,46.1,8000,-6000,2020/8/2,27432258,119
27,2/8/2020 12:05:21.37,12:05:21,20,57.4,8000,-6000,2020/8/2,27432321,63
28,2/8/2020 12:07:19.14,12:07:19,20,56.0,8000,-6000,2020/8/2,27432439,118
29,2/8/2020 12:08:21.51,12:08:21,20,53.2,9000,-6000,2020/8/2,27432501,62
30,2/8/2020 12:09:33.84,12:09:33,20,56.0,9000,-6000,2020/8/2,27432573,72
31,2/8/2020 12:11:33.22,12:11:33,20,51.7,9000,-6000,2020/8/2,27432693,120
32,2/8/2020 12:12:36.2,12:12:36,20,48.9,9000,-6000,2020/8/2,27432756,63
33,2/8/2020 12:13:30.02,12:13:30,20,51.7,9000,-6000,2020/8/2,27432810,54
34,2/8/2020 12:14:33.09,12:14:33,20,58.8,9000,-6000,2020/8/2,27432873,63
35,2/8/2020 12:15:36.11,12:15:36,20,48.9,9000,-6000,2020/8/2,27432936,63
36,2/8/2020 12:16:49.14,12:16:49,20,53.2,9000,-6000,2020/8/2,27433009,73
37,2/8/2020 12:18:49.39,12:18:49,20,56.0,8000,-6000,2020/8/2,27433129,120
38,2/8/2020 12:19:16.15,12:19:16,20,51.7,8000,-6000,2020/8/2,27433156,27
39,2/8/2020 12:19:52.63,12:19:52,20,63.0,8000,-6000,2020/8/2,27433192,36
40,2/8/2020 12:20:46.48,12:20:46,20,48.9,7000,-6000,2020/8/2,27433246,54
41,2/8/2020 12:21:49.1,12:21:49,20,48.9,7000,-6000,2020/8/2,27433309,63
42,2/8/2020 12:22:16.24,12:22:16,20,64.5,7000,-6000,2020/8/2,27433336,27
43,2/8/2020 12:23:19.57,12:23:19,20,64.5,7000,-6000,2020/8/2,27433399,63
44,2/8/2020 12:24:05.06,12:24:05,20,63.0,7000,-6000,2020/8/2,27433445,46
45,2/8/2020 12:26:04.35,12:26:04,20,48.9,7000,-6000,2020/8/2,27433564,119
46,2/8/2020 12:26:31.55,12:26:31,20,50.3,7000,-6500,2020/8/2,27433591,27
47,2/8/2020 12:27:06.38,12:27:06,20,64.5,7000,-6500,2020/8/2,27433626,35
48,2/8/2020 12:28:01.95,12:28:01,20,51.7,7000,-6500,2020/8/2,27433681,55
49,2/8/2020 12:28:28.88,12:28:28,20,61.6,7000,-6500,2020/8/2,27433708,27
50,2/8/2020 12:30:06.57,12:30:06,20,51.7,7000,-6500,2020/8/2,27433806,98
51,2/8/2020 12:31:18.36,12:31:18,20,58.8,7000,-8000,2020/8/2,27433878,72
52,2/8/2020 12:33:19.53,12:33:19,20,50.3,7000,-8000,2020/8/2,27433999,121
53,2/8/2020 12:33:45.04,12:33:45,20,43.3,7000,-8000,2020/8/2,27434025,26
54,2/8/2020 12:34:22.57,12:34:22,20,44.7,7000,-8000,2020/8/2,27434062,37
55,2/8/2020 12:35:16.4,12:35:16,20,37.6,7000,-8000,2020/8/2,27434116,54
56,2/8/2020 12:36:18.68,12:36:18,20,40.5,7000,-8000,2020/8/2,27434178,62
57,2/8/2020 12:37:21.97,12:37:21,20,46.1,7000,-8000,2020/8/2,27434241,63
58,2/8/2020 12:38:34.28,12:38:34,20,37.6,7000,-8000,2020/8/2,27434314,73
59,2/8/2020 12:40:33.38,12:40:33,20,36.2,7000,-9000,2020/8/2,27434433,119
60,2/8/2020 12:41:02.24,12:41:02,20,37.6,7000,-9000,2020/8/2,27434462,29
61,2/8/2020 12:41:36.09,12:41:36,20,40.5,7000,-9000,2020/8/2,27434496,34
62,2/8/2020 12:42:03.18,12:42:03,20,34.8,7000,-9000,2020/8/2,27434523,27
63,2/8/2020 12:42:58.99,12:42:58,20,27.7,7000,-9000,2020/8/2,27434578,55
64,2/8/2020 12:44:37.15,12:44:37,20,17.9,8000,-6000,2020/8/2,27434677,99
65,2/8/2020 12:45:49.4,12:45:49,20,16.5,8000,-6000,2020/8/2,27434749,72
66,2/8/2020 12:47:49.51,12:47:49,20,10.8,8000,-6000,2020/8/2,27434869,120
67,2/8/2020 12:48:16.03,12:48:16,20,6.6,8000,-6000,2020/8/2,27434896,27
68,2/8/2020 12:49:46.72,12:49:46,20,12.2,8000,-6000,2020/8/2,27434986,90
69,2/8/2020 12:50:13.61,12:50:13,20,6.6,8000,-6000,2020/8/2,27435013,27
70,2/8/2020 12:51:52.55,12:51:52,20,6.6,8000,-6000,2020/8/2,27435112,99
71,2/8/2020 12:53:04.45,12:53:04,20,358.1,9000,-6000,2020/8/2,27435184,72
72,2/8/2020 12:55:04.64,12:55:04,20,355.3,9000,-5000,2020/8/2,27435304,120
73,2/8/2020 12:56:07.93,12:56:07,20,353.9,9000,-5000,2020/8/2,27435367,63
74,2/8/2020 12:57:01.98,12:57:01,20,352.5,9000,-4000,2020/8/2,27435421,54
75,2/8/2020 12:58:04.08,12:58:04,20,348.2,10000,-4000,2020/8/2,27435484,63
76,2/8/2020 12:59:06.05,12:59:06,20,348.2,10000,-4000,2020/8/2,27435546,62
77,2/8/2020 13:00:18.38,13:00:18,20,353.9,10000,-4000,2020/8/2,27435618,72
78,2/8/2020 13:02:19.44,13:02:19,20,346.8,10000,-4000,2020/8/2,27435739,121
79,2/8/2020 13:03:22.03,13:03:22,20,342.6,10000,-4000,2020/8/2,27435802,63
80,2/8/2020 13:04:16.35,13:04:16,20,351.0,10000,-4000,2020/8/2,27435856,54
81,2/8/2020 13:05:18.75,13:05:18,20,348.2,10000,-4000,2020/8/2,27435918,62
82,2/8/2020 13:06:21.05,13:06:21,20,352.5,10000,-4000,2020/8/2,27435981,63
83,2/8/2020 13:07:34.3,13:07:34,20,345.4,10000,-4000,2020/8/2,27436054,73
84,2/8/2020 13:09:34.83,13:09:34,20,348.2,10000,-4000,2020/8/2,27436174,120
85,2/8/2020 13:10:01.76,13:10:01,20,351.0,10000,-4000,2020/8/2,27436201,27
86,2/8/2020 13:10:37.94,13:10:37,20,353.9,10000,-4000,2020/8/2,27436237,36
87,2/8/2020 13:11:31.2,13:11:31,20,355.3,10000,-4000,2020/8/2,27436291,54
88,2/8/2020 13:12:34.15,13:12:34,20,356.7,10000,-4000,2020/8/2,27436354,63
89,2/8/2020 13:13:37.39,13:13:37,20,8.0,10000,-4000,2020/8/2,27436417,63
90,2/8/2020 13:16:49.21,13:16:49,20,10.8,10000,-5000,2020/8/2,27436609,192
91,2/8/2020 13:17:16.57,13:17:16,20,20.7,9000,-6000,2020/8/2,27436636,27
92,2/8/2020 13:17:52.51,13:17:52,20,22.1,9000,-6000,2020/8/2,27436672,36
93,2/8/2020 13:18:46.46,13:18:46,20,23.5,9000,-6000,2020/8/2,27436726,54
94,2/8/2020 13:19:49.59,13:19:49,20,27.7,9000,-6000,2020/8/2,27436789,63
95,2/8/2020 13:20:53.43,13:20:53,20,27.7,9000,-6000,2020/8/2,27436853,64
96,2/8/2020 13:22:04.42,13:22:04,20,33.4,9000,-6000,2020/8/2,27436924,71
97,2/8/2020 13:24:04.87,13:24:04,20,33.4,9000,-6000,2020/8/2,27437044,120
98,2/8/2020 13:24:30.18,13:24:30,20,40.5,8000,-6000,2020/8/2,27437070,26
99,2/8/2020 13:26:00.06,13:26:00,20,39.0,8000,-6000,2020/8/2,27437160,90
100,2/8/2020 13:27:04.31,13:27:04,20,47.5,8000,-6000,2020/8/2,27437224,64
101,2/8/2020 13:28:06.34,13:28:06,20,53.2,8000,-6000,2020/8/2,27437286,62
102,2/8/2020 13:29:18,13:29:18,20,51.7,8000,-6000,2020/8/2,27437358,72
103,2/8/2020 13:31:19.2,13:31:19,20,51.7,8000,-6000,2020/8/2,27437479,121
104,2/8/2020 13:31:46.26,13:31:46,20,57.4,8000,-6000,2020/8/2,27437506,27
105,2/8/2020 13:32:22.45,13:32:22,20,64.5,8000,-6000,2020/8/2,27437542,36
106,2/8/2020 13:33:16.52,13:33:16,20,65.9,8000,-7000,2020/8/2,27437596,54
107,2/8/2020 13:34:19.05,13:34:19,20,71.5,8000,-7000,2020/8/2,27437659,63
108,2/8/2020 13:35:22.46,13:35:22,20,67.3,7000,-7000,2020/8/2,27437722,63
109,2/8/2020 13:36:34.64,13:36:34,20,65.9,7000,-7000,2020/8/2,27437794,72
110,2/8/2020 13:38:34.02,13:38:34,20,68.7,7000,-7000,2020/8/2,27437914,120
111,2/8/2020 13:39:02.05,13:39:02,20,61.6,7000,-7000,2020/8/2,27437942,28
112,2/8/2020 13:39:37.04,13:39:37,20,70.1,7000,-7000,2020/8/2,27437977,35
113,2/8/2020 13:40:31.16,13:40:31,20,68.7,7000,-7000,2020/8/2,27438031,54
114,2/8/2020 13:41:34.52,13:41:34,20,63.0,7000,-7000,2020/8/2,27438094,63
115,2/8/2020 13:42:37.22,13:42:37,20,67.3,7000,-7000,2020/8/2,27438157,63
116,2/8/2020 13:45:49.35,13:45:49,20,61.6,7000,-7000,2020/8/2,27438349,192
117,2/8/2020 13:46:16.86,13:46:16,20,50.3,7000,-7000,2020/8/2,27438376,27
118,2/8/2020 13:46:52.29,13:46:52,20,56.0,7000,-7000,2020/8/2,27438412,36
119,2/8/2020 13:47:46.07,13:47:46,20,53.2,8000,-5000,2020/8/2,27438466,54
120,2/8/2020 13:48:50.56,13:48:50,20,50.3,8000,-5000,2020/8/2,27438530,64
121,2/8/2020 13:49:53.32,13:49:53,20,50.3,8000,-5000,2020/8/2,27438593,63
122,2/8/2020 13:51:04.82,13:51:04,20,48.9,8000,-5000,2020/8/2,27438664,71
123,2/8/2020 13:53:05.11,13:53:05,20,56.0,8000,-5000,2020/8/2,27438785,121
124,2/8/2020 13:53:30.46,13:53:30,20,47.5,8000,-5000,2020/8/2,27438810,25
125,2/8/2020 13:54:07.18,13:54:07,20,53.2,8000,-5000,2020/8/2,27438847,37
126,2/8/2020 13:55:02.53,13:55:02,20,46.1,8000,-5000,2020/8/2,27438902,55
127,2/8/2020 13:56:04.49,13:56:04,20,50.3,8000,-5000,2020/8/2,27438964,62
128,2/8/2020 13:57:07.17,13:57:07,20,47.5,8000,-5000,2020/8/2,27439027,63
129,2/8/2020 13:58:19.61,13:58:19,20,41.9,8000,-5000,2020/8/2,27439099,72
