ToolFace	TargetToolFace	ModelTorP	ModelTorN	TorP	TorN	outtime	sp	sn	hp	hn
294.2	210	8000	-5000	8500	-4500	2021/1/10 16:13	10	-10	3	-3
306.7	210	6500	-5500	7000	-5000	2021/1/10 16:13	10	-10	3	-3
320.8	210	6500	-6000	6500	-5500	2021/1/10 16:14	10	-10	3	-3
325	210	6500	-6000	6500	-6000	2021/1/10 16:15	10	-10	3	-3
325	210	6500	-6000	6500	-6000	2021/1/10 16:16	10	-14	3	-3
315.2	210	7500	-6000	7000	-6000	2021/1/10 16:17	12	-14	3	-3
292.7	210	7500	-6000	7000	-6000	2021/1/10 16:19	12	-14	3	-3
284.2	210	7500	-5500	7000	-6000	2021/1/10 16:19	12	-14	3	-3
278.6	210	7500	-5500	7000	-6000	2021/1/10 16:20	12	-14	3	-3
275.8	210	7000	-6000	7000	-6000	2021/1/10 16:21	12	-14	3	-3
270.2	210	7000	-6000	7000	-6000	2021/1/10 16:22	12	-14	3	-3
258.9	210	7000	-6500	7000	-6500	2021/1/10 16:22	12	-14	3	-3
249.1	210	7500	-6000	7000	-6500	2021/1/10 16:23	12	-14	3	-3
243.4	210	7200	-5800	7000	-6000	2021/1/10 16:24	12	-14	3	-3
236.4	210	7200	-5800	7000	-6000	2021/1/10 16:25	12	-14	3	-3
222.3	210	7500	-4500	7500	-6000	2021/1/10 16:27	12	-14	3	-3
218.1	210	7500	-4500	7500	-5000	2021/1/10 16:28	12	-12	3	-3
211.1	210	7500	-4500	7500	-5000	2021/1/10 16:28	12	-12	3	-3
206.9	210	8000	-4500	7500	-5000	2021/1/10 16:29	12	-12	3	-3
205.5	210	8000	-4500	8000	-5000	2021/1/10 16:30	12	-12	3	-3
202.7	210	9000	-4500	8000	-5000	2021/1/10 16:31	12	-12	3	-3
202.7	210	10050	-5000	8000	-5000	2021/1/10 16:31	14	-12	5	-3
188.6	210	10050	-5000	10050	-5000	2021/1/10 16:37	14	-12	5	-5
195.6	210	10050	-5000	10050	-5000	2021/1/10 16:39	14	-12	5	-5
202.7	210	10050	-5000	10050	-5000	2021/1/10 16:40	14	-12	5	-5
206.9	210	10050	-5000	10050	-5000	2021/1/10 16:40	14	-12	5	-5
212.5	210	10050	-5000	10050	-5000	2021/1/10 16:41	14	-12	5	-5
222.3	210	10050	-5000	9350	-5000	2021/1/10 16:43	14	-12	5	-5
223.8	210	9150	-5200	9350	-5000	2021/1/10 16:44	14	-12	5	-5
223.8	210	8950	-5400	9150	-5200	2021/1/10 16:45	14	-12	5	-5
223.8	210	8750	-5600	8950	-5400	2021/1/10 16:45	14	-12	5	-5
225.2	210	8550	-5800	8750	-5600	2021/1/10 16:46	14	-12	5	-5
222.3	210	8350	-6000	8550	-5800	2021/1/10 16:47	14	-12	5	-5
220.9	210	10050	-5000	8350	-6000	2021/1/10 16:48	14	-12	5	-5
216.7	210	10050	-5000	9500	-5000	2021/1/10 16:49	14	-12	5	-5
209.7	210	10050	-5000	9500	-5000	2021/1/10 16:49	14	-12	5	-5
206.9	210	10050	-5000	9500	-5000	2021/1/10 16:51	14	-12	5	-5
209.7	210	10050	-5000	10050	-5000	2021/1/10 16:52	14	-12	5	-5
208.3	210	10050	-5000	10050	-5000	2021/1/10 16:53	14	-12	5	-5
208.3	210	10050	-5000	10050	-5000	2021/1/10 16:54	14	-12	5	-5
211.1	210	10050	-5000	10050	-5000	2021/1/10 16:54	14	-12	5	-5
212.5	210	10050	-5000	10050	-5000	2021/1/10 16:55	16	-12	5	-5
211.1	210	10050	-5000	10050	-5000	2021/1/10 16:56	16	-12	5	-5
211.1	210	10050	-5000	10050	-5000	2021/1/10 16:57	16	-12	5	-5
212.5	210	10050	-5000	10050	-5000	2021/1/10 16:58	16	-12	5	-5
211.1	210	10050	-5000	10050	-5000	2021/1/10 17:00	16	-12	5	-5
212.5	210	10050	-5000	10050	-5000	2021/1/10 17:00	16	-12	5	-5
213.9	210	10050	-5000	10050	-5000	2021/1/10 17:01	16	-12	8	-5
215.3	210	10050	-5000	10050	-5000	2021/1/10 17:02	16	-12	8	-5
216.7	210	10050	-5000	10050	-5000	2021/1/10 17:03	16	-12	8	-5
219.5	210	10050	-5000	10050	-5000	2021/1/10 17:04	16	-12	8	-5
222.3	210	10050	-5000	10050	-5000	2021/1/10 17:04	16	-12	8	-5
223.8	210	9850	-5200	10050	-5000	2021/1/10 17:05	14	-12	8	-5
223.8	210	9650	-5400	9850	-5200	2021/1/10 17:06	14	-14	8	-5
228	210	9450	-5600	9650	-5400	2021/1/10 17:08	14	-14	8	-5
228	210	9450	-5600	9650	-5400	2021/1/10 17:09	14	-14	8	-5
223.8	210	9450	-5600	9650	-5400	2021/1/10 17:09	14	-14	8	-5
222.3	210	9250	-5800	9450	-5600	2021/1/10 17:11	14	-14	8	-5
219.5	210	10050	-5000	9250	-5800	2021/1/10 17:12	16	-14	8	-5
218.1	210	10050	-5000	10050	-5000	2021/1/10 17:12	16	-14	8	-5
216.7	210	10050	-5000	10050	-5000	2021/1/10 17:13	16	-14	8	-5
218.1	210	10050	-5000	10050	-5000	2021/1/10 17:14	16	-14	8	-5
220.9	210	10050	-5000	10050	-5000	2021/1/10 17:16	16	-14	8	-5
223.8	210	9850	-5200	10050	-5000	2021/1/10 17:17	16	-14	8	-5
225.2	210	9650	-5400	9850	-5200	2021/1/10 17:18	15	-14	8	-5
228	210	9450	-5600	9650	-5400	2021/1/10 17:18	15	-14	8	-5
228	210	9250	-5800	9450	-5600	2021/1/10 17:19	15	-14	8	-5
225.2	210	9050	-6000	9250	-5800	2021/1/10 17:20	15	-14	8	-5
222.3	210	8850	-6200	9050	-6000	2021/1/10 17:21	15	-14	8	-5
216.7	210	10050	-5000	8850	-6200	2021/1/10 17:21	17	-16	8	-6
212.5	210	10050	-5000	8850	-6200	2021/1/10 17:22	17	-16	8	-6
206.9	210	10050	-5000	10050	-5000	2021/1/10 17:24	17	-16	8	-6
204.1	210	10050	-5000	10050	-5000	2021/1/10 17:25	17	-16	6	-6
209.7	210	10050	-5000	10050	-5000	2021/1/10 17:26	17	-16	6	-6
212.5	210	10050	-5000	10050	-5000	2021/1/10 17:27	17	-16	6	-6
213.9	210	10050	-5000	10050	-5000	2021/1/10 17:27	17	-16	6	-6
216.7	210	10050	-5000	10050	-5000	2021/1/10 17:28	17	-16	6	-6
219.5	210	10050	-5000	10050	-5000	2021/1/10 17:29	17	-16	6	-6
222.3	210	9850	-5200	10050	-5000	2021/1/10 17:30	17	-16	6	-6
222.3	210	9650	-5400	9850	-5200	2021/1/10 17:30	17	-16	6	-6
219.5	210	9450	-5600	9650	-5400	2021/1/10 17:32	17	-16	6	-6
219.5	210	10050	-5000	9450	-5600	2021/1/10 17:33	17	-16	6	-6
219.5	210	9850	-5200	10050	-5000	2021/1/10 17:34	17	-16	6	-6
220.9	210	9650	-5400	9850	-5200	2021/1/10 17:35	17	-16	6	-6
220.9	210	9650	-5400	9850	-5200	2021/1/10 17:35	17	-16	6	-6
219.5	210	9450	-5600	9650	-5400	2021/1/10 17:36	17	-16	6	-6
219.5	210	9250	-5800	9450	-5600	2021/1/10 17:37	17	-16	6	-6
216.7	210	10050	-5000	9250	-5800	2021/1/10 17:38	17	-16	6	-4
215.3	210	10050	-5000	10050	-5000	2021/1/10 17:39	17	-14	6	-4
218.1	210	10050	-5000	10050	-5000	2021/1/10 17:41	17	-14	6	-4
220.9	210	9850	-5200	10050	-5000	2021/1/10 17:41	16	-14	6	-4
226.6	210	9650	-5400	9850	-5200	2021/1/10 17:42	16	-14	6	-4
226.6	210	9450	-5600	9650	-5400	2021/1/10 17:43	16	-14	6	-4
226.6	210	9250	-5800	9450	-5600	2021/1/10 17:44	16	-14	6	-4
228	210	9050	-6000	9250	-5800	2021/1/10 17:44	16	-14	6	-4
225.2	210	8850	-6200	9050	-6000	2021/1/10 17:45	16	-14	6	-4
222.3	210	8650	-6400	8850	-6200	2021/1/10 17:46	16	-14	6	-4
216.7	210	10050	-5000	8650	-6400	2021/1/10 17:47	16	-14	6	-4
204.1	210	10050	-5000	10050	-5000	2021/1/10 17:49	16	-14	6	-4
202.7	210	10050	-5000	10050	-5000	2021/1/10 17:50	16	-14	6	-4
204.1	210	10050	-5000	10050	-5000	2021/1/10 17:50	16	-14	6	-4
204.1	210	10050	-5000	10050	-5000	2021/1/10 17:51	16	-14	6	-4
206.9	210	10050	-5000	10050	-5000	2021/1/10 17:52	16	-14	6	-4
212.5	210	10050	-5000	10050	-5000	2021/1/10 17:53	16	-14	6	-4
215.3	210	10050	-5000	10050	-5000	2021/1/10 17:53	16	-14	6	-4
220.9	210	9850	-5200	10050	-5000	2021/1/10 17:54	16	-14	6	-4
222.3	210	9650	-5400	9850	-5200	2021/1/10 17:55	16	-14	6	-4
220.9	210	9450	-5600	9650	-5400	2021/1/10 17:57	16	-14	6	-4
220.9	210	9250	-5800	9450	-5600	2021/1/10 17:58	16	-14	6	-4
219.3	210	9050	-6000	9250	-5800	2021/1/10 17:59	16	-14	6	-4
219.3	210	8850	-6200	9050	-6000	2021/1/10 17:59	16	-14	6	-4
219.5	210	8650	-6400	8850	-6200	2021/1/10 18:00	16	-14	8	-4
216.7	210	10050	-5000	8650	-6400	2021/1/10 18:01	17	-14	8	-4
213.9	210	10050	-5000	10050	-5000	2021/1/10 18:02	17	-14	8	-4
212.5	210	10050	-5000	10050	-5000	2021/1/10 18:02	17	-12	8	-4
209.7	210	10050	-5000	10050	-5000	2021/1/10 18:03	17	-12	8	-4
211.1	210	10050	-5000	10050	-5000	2021/1/10 18:05	17	-12	8	-5
213.9	210	10050	-5000	10050	-5000	2021/1/10 18:06	17	-12	8	-5
215.3	210	10050	-5000	10050	-5000	2021/1/10 18:07	17	-12	8	-5
215.3	210	10050	-5000	10050	-5000	2021/1/10 18:08	17	-12	8	-5
215.3	210	10050	-5000	10050	-5000	2021/1/10 18:08	17	-12	8	-5
212.5	210	10050	-5000	10050	-5000	2021/1/10 18:09	17	-12	8	-5
213.9	210	10050	-5000	10050	-5000	2021/1/10 18:10	17	-12	8	-5
213.9	210	10050	-5000	10050	-5000	2021/1/10 18:11	17	-12	8	-5
213.9	210	10050	-5000	10050	-5000	2021/1/10 18:11	17	-12	8	-5
212.5	210	10050	-5000	10050	-5000	2021/1/10 18:13	17	-12	8	-5
213.9	210	10050	-5000	10050	-5000	2021/1/10 18:14	17	-12	8	-5
216.7	210	10050	-5000	10050	-5000	2021/1/10 18:15	17	-12	8	-5
219.5	210	9850	-5200	10050	-5000	2021/1/10 18:16	17	-12	8	-5
218.3	210	9650	-5400	9850	-5200	2021/1/10 18:16	17	-12	8	-5
219.8	210	9450	-5600	9650	-5400	2021/1/10 18:17	17	-12	8	-5
218	210	9250	-5800	9450	-5600	2021/1/10 18:18	17	-12	8	-5
215	210	9050	-6000	9250	-5800	2021/1/10 18:19	17	-12	8	-5
218.1	210	8850	-6200	9050	-6000	2021/1/10 18:20	17	-12	8	-5
212.5	210	10050	-5000	8850	-6200	2021/1/10 18:22	17	-12	8	-5
209.7	210	10050	-5000	8850	-6200	2021/1/10 18:22	17	-12	8	-5
206.9	210	10050	-5000	10050	-5000	2021/1/10 18:23	17	-12	8	-5
201.3	210	10050	-5000	10050	-5000	2021/1/10 18:24	17	-12	8	-5
202.7	210	11050	-5000	10050	-5000	2021/1/10 18:25	17	-12	8	-5
204.1	210	12050	-5000	11050	-5000	2021/1/10 18:26	17	-12	8	-5
207.5	210	12050	-5000	12050	-5000	2021/1/10 18:26	17	-12	8	-5
210.5	210	12050	-5000	12050	-5000	2021/1/11 18:26	17	-12	8	-5
211.5	210	12050	-5000	12050	-5000	2021/1/12 18:26	17	-12	8	-5
212.5	210	12050	-5000	12050	-5000	2021/1/13 18:26				
